{
  "summary": [
    {
      "model": "Llama",
      "within_mean": 0.18813397628519143,
      "across_mean": 0.040835190211290076,
      "nn_within_trait": 17,
      "n_facets": 24,
      "purity_6": 0.5416666666666666,
      "cosine_matrix": [
        [
          0.9999999999993847,
          0.17261292476034362,
          0.09459502960294698,
          0.06000130957080017,
          0.11960056377950017,
          0.044727122575164265,
          -0.032705796943719105,
          -0.009406155704013845,
          -0.0005172995701495003,
          0.23623899000525747,
          -0.01787967789078629,
          -0.12567437948463678,
          -0.12896003476585782,
          0.09114724694567798,
          0.05046473230827653,
          -0.08943982548009369,
          0.006206247013520159,
          0.054975508562067905,
          0.14620540593373965,
          0.21702763919629361,
          0.06969044707261329,
          0.02596728899829568,
          0.021302130390591024,
          0.05633287887449518
        ],
        [
          0.17261292476034362,
          0.9999999999995378,
          -0.09759429182169319,
          -0.17001806577386025,
          0.131016739772094,
          0.03442641368507579,
          0.09878917374375966,
          0.13756034398482145,
          -0.05205915485744739,
          0.2776464426280795,
          0.129975956686443,
          -0.008062887446650194,
          -0.16175716670737417,
          0.036314415449089234,
          0.09303903424822228,
          0.005918692073059286,
          0.2082357098869704,
          0.15369539729946466,
          0.2511392842918951,
          0.13939667055203578,
          0.21884407875033804,
          0.1369745394583368,
          0.07010021251726974,
          0.12762584803635693
        ],
        [
          0.09459502960294698,
          -0.09759429182169319,
          0.9999999999993857,
          0.20844113465048203,
          0.006121444755648688,
          -0.06505655106216482,
          -0.05595929216602797,
          -0.1239287828036823,
          0.02840389750666021,
          -0.041814391307979114,
          -0.09379088162147695,
          -0.0932657860740853,
          0.034979954274141446,
          0.0008469873303834472,
          -0.09976450873871527,
          0.08892507438134677,
          -0.09131065982115459,
          -0.043458064113970435,
          -0.1347434745043864,
          0.02446073973145678,
          -0.12042904062270714,
          -0.1538474261458611,
          0.003207436984439075,
          -0.13446173009137338
        ],
        [
          0.06000130957080017,
          -0.17001806577386025,
          0.20844113465048203,
          0.9999999999993106,
          -0.015509084052464182,
          -0.0360799429827741,
          -0.049675993916423196,
          -0.21103485357221724,
          0.006707151329929337,
          -0.1030721254744666,
          -0.016554425497623315,
          -0.07414968729098677,
          0.061372720611956116,
          0.0011169543421061775,
          0.03200370384998341,
          0.06227889688344635,
          -0.1451640183924075,
          -0.1926851449087533,
          -0.18980088421291116,
          -0.050505754075126155,
          -0.22057791324049544,
          -0.13673595401324112,
          -0.0643168593790682,
          -0.12257381434463333
        ],
        [
          0.11960056377950017,
          0.131016739772094,
          0.006121444755648688,
          -0.015509084052464182,
          0.9999999999994221,
          0.2883681592457043,
          0.09665964602377383,
          0.2503720491322533,
          -0.24513659311757607,
          -0.18806883221081197,
          -0.05331849130783078,
          -0.16297363458633837,
          -0.1454301731655797,
          -0.06648084813048838,
          0.004956632539469583,
          -0.08521172337271664,
          0.01813552025543106,
          -0.04367283324974351,
          0.16084242573480356,
          0.09906188443824109,
          0.020862139870411345,
          0.03490632533200826,
          0.0668774490338292,
          -0.05272347066224618
        ],
        [
          0.044727122575164265,
          0.03442641368507579,
          -0.06505655106216482,
          -0.0360799429827741,
          0.2883681592457043,
          0.9999999999995269,
          0.053713013937599155,
          0.24383444942265983,
          -0.11804659601320944,
          -0.025571989649251597,
          0.09096120687770641,
          0.07883320071631078,
          -0.040255413653524405,
          -0.10886908362557797,
          -0.059158602577865274,
          -0.06268502814049409,
          0.07656915668667895,
          0.11837646370818543,
          0.23992494520068847,
          0.07687811969587552,
          0.04469104944180432,
          0.1544043098037759,
          0.09790643872570416,
          0.02427012771337675
        ],
        [
          -0.032705796943719105,
          0.09878917374375966,
          -0.05595929216602797,
          -0.049675993916423196,
          0.09665964602377383,
          0.053713013937599155,
          0.9999999999993943,
          0.19302314948733756,
          -0.009969291638055384,
          0.03790983974703904,
          0.14809575177342457,
          0.19320431774910402,
          -0.03028185396265267,
          -0.06699289710418263,
          0.007760056444300243,
          -0.15111066205999935,
          0.04069477572971053,
          0.011474264012493149,
          -0.017646130959735606,
          -0.06954648487729155,
          0.1209251699275137,
          0.050720671513075084,
          0.008657585113486408,
          0.13739817128202572
        ],
        [
          -0.009406155704013845,
          0.13756034398482145,
          -0.1239287828036823,
          -0.21103485357221724,
          0.2503720491322533,
          0.24383444942265983,
          0.19302314948733756,
          0.999999999999454,
          -0.03606298124099836,
          0.06497040448896556,
          0.03837089538501592,
          0.23275983247330367,
          0.0375404646102103,
          -0.06770663079629277,
          0.14981755859117307,
          -0.1005214428974709,
          0.0320556276786408,
          0.11710264672041985,
          0.1912738125163513,
          -0.04105498972154239,
          0.36125481156701117,
          0.32276856976963614,
          0.12318874947146481,
          0.29897668510951636
        ],
        [
          -0.0005172995701495003,
          -0.05205915485744739,
          0.02840389750666021,
          0.006707151329929337,
          -0.24513659311757607,
          -0.11804659601320944,
          -0.009969291638055384,
          -0.03606298124099836,
          0.9999999999993595,
          0.3212419817340202,
          0.3261938577620411,
          0.24205946322809205,
          0.2036842523991274,
          0.1376492555408732,
          0.08102384644453943,
          0.13876676177070915,
          0.09363238537369936,
          0.1416886255131206,
          0.027679015750162895,
          -0.03078846913351412,
          0.21189794394080427,
          0.07167793504536903,
          -0.010543328645917876,
          0.14565974386398556
        ],
        [
          0.23623899000525747,
          0.2776464426280795,
          -0.041814391307979114,
          -0.1030721254744666,
          -0.18806883221081197,
          -0.025571989649251597,
          0.03790983974703904,
          0.06497040448896556,
          0.3212419817340202,
          0.9999999999993315,
          0.29544004535549473,
          0.22350180536201245,
          -0.018585262838749558,
          0.03934113229952876,
          0.035188742586310634,
          -0.0627032335280731,
          0.159997530879316,
          0.24663498135648215,
          0.10460393530252636,
          0.03982501358130815,
          0.24676301299751094,
          0.14261567568138414,
          0.11615132791165303,
          0.18936656271387012
        ],
        [
          -0.01787967789078629,
          0.129975956686443,
          -0.09379088162147695,
          -0.016554425497623315,
          -0.05331849130783078,
          0.09096120687770641,
          0.14809575177342457,
          0.03837089538501592,
          0.3261938577620411,
          0.29544004535549473,
          0.999999999999433,
          0.3711744274165025,
          0.014125711352016325,
          0.010304561422665894,
          -0.0024805400214043924,
          -0.005856828474177247,
          0.03366028088521821,
          0.12032126437743117,
          0.052758784314274894,
          0.02495914898719111,
          0.14608108185688687,
          0.18806937671138257,
          0.08174852560539606,
          0.15126735450458795
        ],
        [
          -0.12567437948463678,
          -0.008062887446650194,
          -0.0932657860740853,
          -0.07414968729098677,
          -0.16297363458633837,
          0.07883320071631078,
          0.19320431774910402,
          0.23275983247330367,
          0.24205946322809205,
          0.22350180536201245,
          0.3711744274165025,
          0.9999999999994235,
          0.17123379633356128,
          -0.05686640653470325,
          0.08451280663277844,
          -0.12350943128306914,
          0.025916098719444846,
          0.19205377526271225,
          0.02588755155260024,
          -0.18173809308667732,
          0.15363510869149521,
          0.23532435260565995,
          0.1182244172765796,
          0.23046327851645176
        ],
        [
          -0.12896003476585782,
          -0.16175716670737417,
          0.034979954274141446,
          0.061372720611956116,
          -0.1454301731655797,
          -0.040255413653524405,
          -0.03028185396265267,
          0.0375404646102103,
          0.2036842523991274,
          -0.018585262838749558,
          0.014125711352016325,
          0.17123379633356128,
          0.9999999999993944,
          0.07714645493432823,
          0.047120587952454406,
          0.10920588165465585,
          -0.001910979834370334,
          0.04553321753629237,
          -0.09986012820741494,
          -0.04046787831079968,
          0.017427126637253255,
          0.037182990130942804,
          0.04085717269012781,
          0.04130862491981817
        ],
        [
          0.09114724694567798,
          0.036314415449089234,
          0.0008469873303834472,
          0.0011169543421061775,
          -0.06648084813048838,
          -0.10886908362557797,
          -0.06699289710418263,
          -0.06770663079629277,
          0.1376492555408732,
          0.03934113229952876,
          0.010304561422665894,
          -0.05686640653470325,
          0.07714645493432823,
          0.999999999999314,
          0.1395272159703141,
          0.24405770313904657,
          0.020724019615624024,
          -0.039271463573143046,
          -0.03814001501263969,
          0.16585761778630018,
          0.15047263185969229,
          -0.06343666948749528,
          0.06947203060093964,
          0.06163933091442147
        ],
        [
          0.05046473230827653,
          0.09303903424822228,
          -0.09976450873871527,
          0.03200370384998341,
          0.004956632539469583,
          -0.059158602577865274,
          0.007760056444300243,
          0.14981755859117307,
          0.08102384644453943,
          0.035188742586310634,
          -0.0024805400214043924,
          0.08451280663277844,
          0.047120587952454406,
          0.1395272159703141,
          0.9999999999993429,
          0.07827270175511683,
          -0.011775438110866133,
          -0.006897629939610479,
          0.0621288893223143,
          -0.03809982067044328,
          0.17298006050725745,
          0.09806282546053907,
          0.08665028643238494,
          0.2516560706147003
        ],
        [
          -0.08943982548009369,
          0.005918692073059286,
          0.08892507438134677,
          0.06227889688344635,
          -0.08521172337271664,
          -0.06268502814049409,
          -0.15111066205999935,
          -0.1005214428974709,
          0.13876676177070915,
          -0.0627032335280731,
          -0.005856828474177247,
          -0.12350943128306914,
          0.10920588165465585,
          0.24405770313904657,
          0.07827270175511683,
          0.9999999999993854,
          0.0997779743826796,
          0.10315066400638437,
          0.11908143381256116,
          0.065840603542685,
          0.17853699924718416,
          -0.0018903712099354864,
          0.0008865153714899518,
          -0.007164048763474418
        ],
        [
          0.006206247013520159,
          0.2082357098869704,
          -0.09131065982115459,
          -0.1451640183924075,
          0.01813552025543106,
          0.07656915668667895,
          0.04069477572971053,
          0.0320556276786408,
          0.09363238537369936,
          0.159997530879316,
          0.03366028088521821,
          0.025916098719444846,
          -0.001910979834370334,
          0.020724019615624024,
          -0.011775438110866133,
          0.0997779743826796,
          0.9999999999994452,
          0.3532525649183966,
          0.2611749562934377,
          0.14720499403595683,
          0.20020796247120567,
          0.11029820331008211,
          -0.06537077140807242,
          0.03910075384358133
        ],
        [
          0.054975508562067905,
          0.15369539729946466,
          -0.043458064113970435,
          -0.1926851449087533,
          -0.04367283324974351,
          0.11837646370818543,
          0.011474264012493149,
          0.11710264672041985,
          0.1416886255131206,
          0.24663498135648215,
          0.12032126437743117,
          0.19205377526271225,
          0.04553321753629237,
          -0.039271463573143046,
          -0.006897629939610479,
          0.10315066400638437,
          0.3532525649183966,
          0.9999999999993954,
          0.3030521954216394,
          0.10307678864378264,
          0.27816310554886087,
          0.25458121140534196,
          0.08811956686517247,
          0.18416325190355878
        ],
        [
          0.14620540593373965,
          0.2511392842918951,
          -0.1347434745043864,
          -0.18980088421291116,
          0.16084242573480356,
          0.23992494520068847,
          -0.017646130959735606,
          0.1912738125163513,
          0.027679015750162895,
          0.10460393530252636,
          0.052758784314274894,
          0.02588755155260024,
          -0.09986012820741494,
          -0.03814001501263969,
          0.0621288893223143,
          0.11908143381256116,
          0.2611749562934377,
          0.3030521954216394,
          0.9999999999994048,
          0.1861800106941527,
          0.2540475424644183,
          0.17230746451793266,
          0.04490354966297518,
          0.12423060148260344
        ],
        [
          0.21702763919629361,
          0.13939667055203578,
          0.02446073973145678,
          -0.050505754075126155,
          0.09906188443824109,
          0.07687811969587552,
          -0.06954648487729155,
          -0.04105498972154239,
          -0.03078846913351412,
          0.03982501358130815,
          0.02495914898719111,
          -0.18173809308667732,
          -0.04046787831079968,
          0.16585761778630018,
          -0.03809982067044328,
          0.065840603542685,
          0.14720499403595683,
          0.10307678864378264,
          0.1861800106941527,
          0.9999999999994026,
          0.1073551601111184,
          0.036360047490846356,
          -0.011257041363939816,
          -0.019563035030900375
        ],
        [
          0.06969044707261329,
          0.21884407875033804,
          -0.12042904062270714,
          -0.22057791324049544,
          0.020862139870411345,
          0.04469104944180432,
          0.1209251699275137,
          0.36125481156701117,
          0.21189794394080427,
          0.24676301299751094,
          0.14608108185688687,
          0.15363510869149521,
          0.017427126637253255,
          0.15047263185969229,
          0.17298006050725745,
          0.17853699924718416,
          0.20020796247120567,
          0.27816310554886087,
          0.2540475424644183,
          0.1073551601111184,
          0.9999999999994857,
          0.44782911792958024,
          0.104616315776869,
          0.3924026677230321
        ],
        [
          0.02596728899829568,
          0.1369745394583368,
          -0.1538474261458611,
          -0.13673595401324112,
          0.03490632533200826,
          0.1544043098037759,
          0.050720671513075084,
          0.32276856976963614,
          0.07167793504536903,
          0.14261567568138414,
          0.18806937671138257,
          0.23532435260565995,
          0.037182990130942804,
          -0.06343666948749528,
          0.09806282546053907,
          -0.0018903712099354864,
          0.11029820331008211,
          0.25458121140534196,
          0.17230746451793266,
          0.036360047490846356,
          0.44782911792958024,
          0.9999999999994513,
          0.08739600267019874,
          0.37959627670027263
        ],
        [
          0.021302130390591024,
          0.07010021251726974,
          0.003207436984439075,
          -0.0643168593790682,
          0.0668774490338292,
          0.09790643872570416,
          0.008657585113486408,
          0.12318874947146481,
          -0.010543328645917876,
          0.11615132791165303,
          0.08174852560539606,
          0.1182244172765796,
          0.04085717269012781,
          0.06947203060093964,
          0.08665028643238494,
          0.0008865153714899518,
          -0.06537077140807242,
          0.08811956686517247,
          0.04490354966297518,
          -0.011257041363939816,
          0.104616315776869,
          0.08739600267019874,
          0.9999999999994645,
          0.1380906209571467
        ],
        [
          0.05633287887449518,
          0.12762584803635693,
          -0.13446173009137338,
          -0.12257381434463333,
          -0.05272347066224618,
          0.02427012771337675,
          0.13739817128202572,
          0.29897668510951636,
          0.14565974386398556,
          0.18936656271387012,
          0.15126735450458795,
          0.23046327851645176,
          0.04130862491981817,
          0.06163933091442147,
          0.2516560706147003,
          -0.007164048763474418,
          0.03910075384358133,
          0.18416325190355878,
          0.12423060148260344,
          -0.019563035030900375,
          0.3924026677230321,
          0.37959627670027263,
          0.1380906209571467,
          0.9999999999993728
        ]
      ]
    },
    {
      "model": "Gemma",
      "within_mean": 0.2054040365026281,
      "across_mean": 0.03307278554137558,
      "nn_within_trait": 15,
      "n_facets": 24,
      "purity_6": 0.5833333333333334,
      "cosine_matrix": [
        [
          0.9999999999999981,
          0.1797343916700356,
          0.12527528925205328,
          0.07619254855568201,
          0.08543004869041697,
          0.003474387101102793,
          -0.05505801654580179,
          -0.07596053701502839,
          0.007624043658483315,
          0.13696900763425482,
          -0.04614219360714482,
          -0.11355311324283178,
          -0.10098831414882914,
          0.0738838949919476,
          0.05163473135798996,
          -0.11328543009352045,
          0.002669699397252774,
          -0.01784011114474064,
          0.07441096657769446,
          0.2139366871638353,
          0.016841022670222746,
          0.014413138454304315,
          0.050576209592319704,
          0.014971017115589898
        ],
        [
          0.1797343916700356,
          0.9999999999999987,
          -0.0600342192319086,
          -0.1182207731929533,
          0.09258373373676342,
          0.009495249539969747,
          0.052427444366819384,
          0.12794566059660895,
          -0.05276702774977555,
          0.31501938738139296,
          0.12316021500029374,
          0.027066867666549588,
          -0.1153957207094382,
          0.05241464181478912,
          0.08188544494845594,
          -0.010446412463303776,
          0.16651524572932075,
          0.1613880345322357,
          0.23452135104862606,
          0.14172759972585158,
          0.17729086540356967,
          0.13656620512361287,
          0.021698039777329196,
          0.13337914522345978
        ],
        [
          0.12527528925205328,
          -0.0600342192319086,
          0.9999999999999977,
          0.1608596519220286,
          0.008989324594822889,
          -0.14084660377144356,
          -0.0586827918968621,
          -0.12359313903454304,
          0.026132790353552756,
          -0.13187508654794733,
          -0.16482734559330242,
          -0.12549205851887849,
          0.01017245994203538,
          0.07327633760039227,
          -0.0836158810959684,
          0.07795489633634803,
          -0.03709171385253413,
          -0.09458646292637986,
          -0.1797064302018484,
          -0.013732689090524115,
          -0.13625754652585614,
          -0.14561512302547777,
          -0.0713166579736616,
          -0.13100003703240584
        ],
        [
          0.07619254855568201,
          -0.1182207731929533,
          0.1608596519220286,
          0.9999999999999981,
          -0.05474092189220244,
          -0.02430419138109605,
          0.008970172789168736,
          -0.14378618324326795,
          0.10209331265763487,
          -0.08479699724431143,
          -0.03548326691583444,
          -0.057809263968380986,
          0.11041878045137629,
          0.007818570791955049,
          0.13623726833674074,
          0.0763135643915479,
          -0.10770206941007347,
          -0.1783785229463716,
          -0.1441612188703009,
          -0.013260974238887812,
          -0.114330897061792,
          -0.09334958948867253,
          -0.07655744726266216,
          -0.07553011850620261
        ],
        [
          0.08543004869041697,
          0.09258373373676342,
          0.008989324594822889,
          -0.05474092189220244,
          0.9999999999999981,
          0.3735564489045588,
          0.16462936162336733,
          0.27206337978553635,
          -0.24961602695270774,
          -0.18435109597184587,
          -0.07630071512410043,
          -0.21134461744752386,
          -0.20850003778794385,
          -0.10255767820538704,
          -0.0863270390452024,
          -0.09486804735210452,
          0.01132892736261131,
          -0.08354067289846022,
          0.14608809372026965,
          0.009135281134586535,
          -0.049765426222101755,
          -0.05366820797314566,
          0.05691522066231579,
          -0.14527379065295132
        ],
        [
          0.003474387101102793,
          0.009495249539969747,
          -0.14084660377144356,
          -0.02430419138109605,
          0.3735564489045588,
          0.9999999999999986,
          0.07084594339581399,
          0.2457772860972372,
          -0.19965720322283453,
          -0.024596654599574996,
          0.018981142943465427,
          0.018680386961671704,
          -0.05334012952313914,
          -0.17939448302504257,
          -0.07970769901821884,
          -0.04755051209050549,
          0.06142691705125779,
          0.10166360606600026,
          0.3255829086537694,
          -0.0127255957657739,
          0.012877642143698556,
          0.17600156319132076,
          0.07268078026118016,
          -0.011363742544768627
        ],
        [
          -0.05505801654580179,
          0.052427444366819384,
          -0.0586827918968621,
          0.008970172789168736,
          0.16462936162336733,
          0.07084594339581399,
          0.9999999999999984,
          0.21510987630680037,
          -0.024310924084661546,
          -0.004776533085653081,
          0.17215401486634022,
          0.17018943533785988,
          -0.048617929568883965,
          -0.06032742008773028,
          -0.02363237311168873,
          -0.17435603579460152,
          -0.08617818156682684,
          -0.05553660077368566,
          -0.06527124578183563,
          -0.04553114455731853,
          0.0646288512663896,
          0.03330764881351141,
          0.012572503419410963,
          0.10549320501844027
        ],
        [
          -0.07596053701502839,
          0.12794566059660895,
          -0.12359313903454304,
          -0.14378618324326795,
          0.27206337978553635,
          0.2457772860972372,
          0.21510987630680037,
          0.9999999999999988,
          -0.06507066149292741,
          0.022150462227526566,
          0.07508312805134003,
          0.2726630864911497,
          -0.012206265882015187,
          -0.10894735706175847,
          0.08944491195036766,
          -0.09550408064314589,
          0.021010721814137493,
          0.07423329594235765,
          0.20355598003215739,
          -0.11565195129568051,
          0.3535623343488742,
          0.3154196565490052,
          0.08853142814575088,
          0.27437372575986696
        ],
        [
          0.007624043658483315,
          -0.05276702774977555,
          0.026132790353552756,
          0.10209331265763487,
          -0.24961602695270774,
          -0.19965720322283453,
          -0.024310924084661546,
          -0.06507066149292741,
          0.9999999999999983,
          0.26425718940991477,
          0.2998512576226217,
          0.2370471877183928,
          0.22684069128241108,
          0.16732905100652648,
          0.14876083744527785,
          0.08782612605500126,
          0.05330541667979027,
          0.10130428121822185,
          -0.08841351354159886,
          -0.04936621910281646,
          0.15146193433095398,
          0.06211930210809246,
          -0.04017133404593628,
          0.12553851006638359
        ],
        [
          0.13696900763425482,
          0.31501938738139296,
          -0.13187508654794733,
          -0.08479699724431143,
          -0.18435109597184587,
          -0.024596654599574996,
          -0.004776533085653081,
          0.022150462227526566,
          0.26425718940991477,
          0.9999999999999987,
          0.3090417484937263,
          0.3084411917774608,
          0.011125643302637035,
          -0.014610307879517259,
          -0.006927078545650106,
          -0.10087623293860863,
          0.18212439128361704,
          0.2991043353707648,
          0.09485196458576672,
          0.031000307503493325,
          0.1903976798333756,
          0.17902833786705785,
          0.15213608306175333,
          0.2190149464414736
        ],
        [
          -0.04614219360714482,
          0.12316021500029374,
          -0.16482734559330242,
          -0.03548326691583444,
          -0.07630071512410043,
          0.018981142943465427,
          0.17215401486634022,
          0.07508312805134003,
          0.2998512576226217,
          0.3090417484937263,
          0.9999999999999986,
          0.4065748455494486,
          0.03321282307430499,
          0.08299377967693976,
          0.07454654595600094,
          -0.06977955790890568,
          -0.015891676835978856,
          0.14435134493348684,
          0.08255528176640547,
          0.0024757952936266497,
          0.18342664894438346,
          0.14051778283300262,
          0.11597379375708908,
          0.23843649668263284
        ],
        [
          -0.11355311324283178,
          0.027066867666549588,
          -0.12549205851887849,
          -0.057809263968380986,
          -0.21134461744752386,
          0.018680386961671704,
          0.17018943533785988,
          0.2726630864911497,
          0.2370471877183928,
          0.3084411917774608,
          0.4065748455494486,
          0.9999999999999983,
          0.22210915717686042,
          -0.007595802649188161,
          0.09800660637217108,
          -0.13636185581805893,
          0.04638562155390076,
          0.27119154247085797,
          0.018144951880020348,
          -0.13498572034125628,
          0.23539552504433134,
          0.2841744567319702,
          0.1713927726327189,
          0.3208974017878273
        ],
        [
          -0.10098831414882914,
          -0.1153957207094382,
          0.01017245994203538,
          0.11041878045137629,
          -0.20850003778794385,
          -0.05334012952313914,
          -0.048617929568883965,
          -0.012206265882015187,
          0.22684069128241108,
          0.011125643302637035,
          0.03321282307430499,
          0.22210915717686042,
          0.999999999999999,
          0.1833719535923663,
          0.11814027282989017,
          0.16693559685717663,
          -0.014151912876208879,
          0.04975115449356273,
          -0.15781989190396256,
          -0.04473782899165247,
          0.027411138874102934,
          0.057910745183779644,
          -0.009834750916717308,
          0.05895003094124423
        ],
        [
          0.0738838949919476,
          0.05241464181478912,
          0.07327633760039227,
          0.007818570791955049,
          -0.10255767820538704,
          -0.17939448302504257,
          -0.06032742008773028,
          -0.10894735706175847,
          0.16732905100652648,
          -0.014610307879517259,
          0.08299377967693976,
          -0.007595802649188161,
          0.1833719535923663,
          0.9999999999999987,
          0.1684665952448531,
          0.1930326737035068,
          -0.04252332118919154,
          -0.014666056430240701,
          -0.15403607831014363,
          0.20096248115680757,
          0.14350152227283222,
          -0.0534791904580641,
          0.0308636172231869,
          0.0928475315523858
        ],
        [
          0.05163473135798996,
          0.08188544494845594,
          -0.0836158810959684,
          0.13623726833674074,
          -0.0863270390452024,
          -0.07970769901821884,
          -0.02363237311168873,
          0.08944491195036766,
          0.14876083744527785,
          -0.006927078545650106,
          0.07454654595600094,
          0.09800660637217108,
          0.11814027282989017,
          0.1684665952448531,
          0.999999999999998,
          0.12681655949941023,
          -0.019819642887706223,
          -0.024204419866771472,
          0.04510519147356476,
          0.061269007100665296,
          0.21137494050186947,
          0.08933802612891911,
          0.080535447540451,
          0.30148281609007027
        ],
        [
          -0.11328543009352045,
          -0.010446412463303776,
          0.07795489633634803,
          0.0763135643915479,
          -0.09486804735210452,
          -0.04755051209050549,
          -0.17435603579460152,
          -0.09550408064314589,
          0.08782612605500126,
          -0.10087623293860863,
          -0.06977955790890568,
          -0.13636185581805893,
          0.16693559685717663,
          0.1930326737035068,
          0.12681655949941023,
          0.9999999999999986,
          0.090616832470213,
          0.06931143568541466,
          0.11967941660386644,
          0.0490858754020033,
          0.19228527360627223,
          0.0444659158063761,
          -0.07931870455481282,
          0.0038531483654582832
        ],
        [
          0.002669699397252774,
          0.16651524572932075,
          -0.03709171385253413,
          -0.10770206941007347,
          0.01132892736261131,
          0.06142691705125779,
          -0.08617818156682684,
          0.021010721814137493,
          0.05330541667979027,
          0.18212439128361704,
          -0.015891676835978856,
          0.04638562155390076,
          -0.014151912876208879,
          -0.04252332118919154,
          -0.019819642887706223,
          0.090616832470213,
          0.9999999999999988,
          0.3679420061055544,
          0.24041692711749243,
          0.1145096462346233,
          0.16846534970041324,
          0.16087208589079355,
          -0.07403412435747785,
          0.012124720733745379
        ],
        [
          -0.01784011114474064,
          0.1613880345322357,
          -0.09458646292637986,
          -0.1783785229463716,
          -0.08354067289846022,
          0.10166360606600026,
          -0.05553660077368566,
          0.07423329594235765,
          0.10130428121822185,
          0.2991043353707648,
          0.14435134493348684,
          0.27119154247085797,
          0.04975115449356273,
          -0.014666056430240701,
          -0.024204419866771472,
          0.06931143568541466,
          0.3679420061055544,
          0.9999999999999986,
          0.29438056125008477,
          0.10264980828341366,
          0.25230931197865003,
          0.3250688376109138,
          0.11615763889914849,
          0.20028148799501716
        ],
        [
          0.07441096657769446,
          0.23452135104862606,
          -0.1797064302018484,
          -0.1441612188703009,
          0.14608809372026965,
          0.3255829086537694,
          -0.06527124578183563,
          0.20355598003215739,
          -0.08841351354159886,
          0.09485196458576672,
          0.08255528176640547,
          0.018144951880020348,
          -0.15781989190396256,
          -0.15403607831014363,
          0.04510519147356476,
          0.11967941660386644,
          0.24041692711749243,
          0.29438056125008477,
          0.9999999999999987,
          0.14592288685886828,
          0.23094603912103245,
          0.21645879044431646,
          0.05226959917356366,
          0.11499220644758627
        ],
        [
          0.2139366871638353,
          0.14172759972585158,
          -0.013732689090524115,
          -0.013260974238887812,
          0.009135281134586535,
          -0.0127255957657739,
          -0.04553114455731853,
          -0.11565195129568051,
          -0.04936621910281646,
          0.031000307503493325,
          0.0024757952936266497,
          -0.13498572034125628,
          -0.04473782899165247,
          0.20096248115680757,
          0.061269007100665296,
          0.0490858754020033,
          0.1145096462346233,
          0.10264980828341366,
          0.14592288685886828,
          0.9999999999999982,
          0.051717379536176826,
          0.04522765897945759,
          -0.030549118782406178,
          -0.011126089935400542
        ],
        [
          0.016841022670222746,
          0.17729086540356967,
          -0.13625754652585614,
          -0.114330897061792,
          -0.049765426222101755,
          0.012877642143698556,
          0.0646288512663896,
          0.3535623343488742,
          0.15146193433095398,
          0.1903976798333756,
          0.18342664894438346,
          0.23539552504433134,
          0.027411138874102934,
          0.14350152227283222,
          0.21137494050186947,
          0.19228527360627223,
          0.16846534970041324,
          0.25230931197865003,
          0.23094603912103245,
          0.051717379536176826,
          0.9999999999999991,
          0.44684515338928926,
          0.08336517239630835,
          0.43929154669487885
        ],
        [
          0.014413138454304315,
          0.13656620512361287,
          -0.14561512302547777,
          -0.09334958948867253,
          -0.05366820797314566,
          0.17600156319132076,
          0.03330764881351141,
          0.3154196565490052,
          0.06211930210809246,
          0.17902833786705785,
          0.14051778283300262,
          0.2841744567319702,
          0.057910745183779644,
          -0.0534791904580641,
          0.08933802612891911,
          0.0444659158063761,
          0.16087208589079355,
          0.3250688376109138,
          0.21645879044431646,
          0.04522765897945759,
          0.44684515338928926,
          0.9999999999999988,
          0.08083388209200507,
          0.41026922948892536
        ],
        [
          0.050576209592319704,
          0.021698039777329196,
          -0.0713166579736616,
          -0.07655744726266216,
          0.05691522066231579,
          0.07268078026118016,
          0.012572503419410963,
          0.08853142814575088,
          -0.04017133404593628,
          0.15213608306175333,
          0.11597379375708908,
          0.1713927726327189,
          -0.009834750916717308,
          0.0308636172231869,
          0.080535447540451,
          -0.07931870455481282,
          -0.07403412435747785,
          0.11615763889914849,
          0.05226959917356366,
          -0.030549118782406178,
          0.08336517239630835,
          0.08083388209200507,
          0.9999999999999982,
          0.18035223679614887
        ],
        [
          0.014971017115589898,
          0.13337914522345978,
          -0.13100003703240584,
          -0.07553011850620261,
          -0.14527379065295132,
          -0.011363742544768627,
          0.10549320501844027,
          0.27437372575986696,
          0.12553851006638359,
          0.2190149464414736,
          0.23843649668263284,
          0.3208974017878273,
          0.05895003094124423,
          0.0928475315523858,
          0.30148281609007027,
          0.0038531483654582832,
          0.012124720733745379,
          0.20028148799501716,
          0.11499220644758627,
          -0.011126089935400542,
          0.43929154669487885,
          0.41026922948892536,
          0.18035223679614887,
          0.9999999999999984
        ]
      ]
    },
    {
      "model": "Phi4",
      "within_mean": 0.1681970350057041,
      "across_mean": 0.040481538871764804,
      "nn_within_trait": 17,
      "n_facets": 24,
      "purity_6": 0.625,
      "cosine_matrix": [
        [
          0.999999999999859,
          0.1556716559587279,
          0.0515862999083562,
          0.0343543850959851,
          0.11698885314931866,
          -0.0015770390367790303,
          -0.021622253669123685,
          0.004390676905341808,
          0.04323086444571828,
          0.17955131739381203,
          -0.021306676177951712,
          -0.08361153129713778,
          -0.14193446780533156,
          0.18476349190196048,
          0.07948058852457951,
          -0.010734717310191015,
          0.08014761630459373,
          0.07571858001364136,
          0.1554048309452586,
          0.21293830443976344,
          0.1226369015555873,
          0.05187554957260316,
          0.033186248995723276,
          0.00039199923897546184
        ],
        [
          0.1556716559587279,
          0.999999999999891,
          -0.06056484232681186,
          -0.0878335894325501,
          0.14630517215731925,
          0.07977061398582287,
          0.05940270538182447,
          0.1104540499850791,
          -0.0981832035321079,
          0.2754825792933853,
          0.08966546577977676,
          -0.12003906907041115,
          -0.2056218539552808,
          0.10883895805624647,
          0.06635216434868521,
          -0.008248078738879474,
          0.1448262760884539,
          0.10821782885384051,
          0.2878777767981706,
          0.15313866700145146,
          0.14759731004313936,
          0.08752738149792423,
          0.016428626629535533,
          0.06810164206905825
        ],
        [
          0.0515862999083562,
          -0.06056484232681186,
          0.9999999999998546,
          0.1209387328412573,
          0.002933508649966863,
          -0.10450194126698038,
          -0.04394501422770403,
          -0.1248033280841444,
          0.020433253750267114,
          -0.11634648489844829,
          -0.13342574127795934,
          -0.0650967747791932,
          0.03839332131087206,
          0.032968439101104814,
          -0.07461198997001901,
          0.05437335752576101,
          -0.05364737585679978,
          -0.07880881636001458,
          -0.12151437527912334,
          0.013725587194765512,
          -0.11299312521885596,
          -0.13918125410688056,
