{
  "Gemma": {
    "model": "Gemma",
    "extraction": "meandiff-pcs",
    "common_layer": 23,
    "facet_names": [
      "A:Trust",
      "A:Moral",
      "A:Altru",
      "A:Cooper",
      "A:Modest",
      "A:Sympath",
      "C:Self-Eff",
      "C:Order",
      "C:Dutiful",
      "C:Achieve",
      "C:Discipl",
      "C:Caution",
      "E:Friend",
      "E:Gregar",
      "E:Assert",
      "E:Activity",
      "E:Excite",
      "E:Cheerf",
      "N:Anxiety",
      "N:Anger",
      "N:Depression",
      "N:Self-Cons",
      "N:Immoder",
      "N:Vulner",
      "O:Imagin",
      "O:Artist",
      "O:Emotion",
      "O:Advent",
      "O:Intell",
      "O:Liberal"
    ],
    "within_mean": 0.16348686528563341,
    "across_mean": 0.026803836609891482,
    "ratio": 6.0993829974810945,
    "nn_within_trait": 16,
    "n_facets": 30,
    "purity_5": 0.5333333333333333,
    "cosine_matrix": [
      [
        0.9999999999999977,
        0.14944349179190233,
        0.12653368454867397,
        -0.002069644584569225,
        -0.17177406688657365,
        -0.03128818478230304,
        0.18212956882204248,
        0.14722606823496495,
        0.1816091433853497,
        0.13749775576242043,
        0.1904123180519895,
        0.03743377537295243,
        0.31635050667577486,
        0.13081937489474477,
        0.06162847223291783,
        -0.11713222434387709,
        0.04460524557340596,
        0.19963369418655647,
        -0.21749714805673545,
        -0.15536746148738279,
        -0.2080727964962974,
        -0.1026889326403002,
        0.01249958838998488,
        -0.20134348254672937,
        0.03536105001674287,
        0.20233454231281256,
        0.02200611889747333,
        0.10415508001260905,
        0.20065083268255016,
        0.10028391231486893
      ],
      [
        0.14944349179190233,
        0.9999999999999991,
        -0.0387677729025189,
        0.09376475832789287,
        0.09467894346300433,
        -0.15647414399695203,
        -0.022060064449760435,
        0.0328567455338129,
        0.2586743085770695,
        0.04247703646001115,
        0.09600338845398039,
        0.24164655098234764,
        -0.05587366722808824,
        -0.0945502661722633,
        -0.1490938821844173,
        -0.03501935312464899,
        -0.16229617726321255,
        -0.12031315287720086,
        -0.09672330445583707,
        -0.1757835586797254,
        -0.09755413763148474,
        -0.04934334555037499,
        -0.10312647078477795,
        -0.05262784821689398,
        -0.0751911976053773,
        -0.0864228386226108,
        -0.06834238161091485,
        -0.10577302123091517,
        -0.0165238480359385,
        -0.02238976312398257
      ],
      [
        0.12653368454867397,
        -0.0387677729025189,
        0.9999999999999972,
        0.08538015295846421,
        -0.16942833493728257,
        0.09904187958308901,
        0.09084017674956822,
        0.1987056728841317,
        0.11630345179676484,
        0.07517489523451718,
        0.06478616891496827,
        -0.0655504748156466,
        0.14952176784655868,
        0.21328967548106323,
        0.17265481105149413,
        0.08980320095135588,
        0.1487845337393004,
        0.0971303558712932,
        0.08964766243942553,
        0.026949087957548447,
        -0.042604509633508966,
        0.004366628930877379,
        0.046652977859960226,
        -0.0627362058409372,
        0.10544917937053071,
        0.1598582140074349,
        0.25799718352123824,
        0.22838161104623295,
        0.27994224867808787,
        0.0021245053671673747
      ],
      [
        -0.002069644584569225,
        0.09376475832789287,
        0.08538015295846421,
        0.9999999999999986,
        0.214737443142135,
        -0.17090059847231892,
        -0.0354025001508762,
        -0.0224164295697565,
        0.051953834794560075,
        -0.22707294710904674,
        -0.07986935637293945,
        -0.02071516751296403,
        -0.18419607321666118,
        -0.17022259895148578,
        -0.057056529672983226,
        0.033540344111633216,
        -0.05682366809080188,
        -0.25770260551319263,
        -0.16563817884738638,
        -0.19863245929236328,
        -0.21957757036091174,
        -0.13766440524912327,
        -0.10241321689540463,
        0.04144333549308554,
        -0.16290380909034685,
        -0.1400271021490434,
        -0.1460963120102161,
        -0.04384849583018676,
        -0.15645856022467372,
        0.039892133399275775
      ],
      [
        -0.17177406688657365,
        0.09467894346300433,
        -0.16942833493728257,
        0.214737443142135,
        0.9999999999999983,
        -0.03334118908056908,
        -0.12741858031588316,
        -0.08033228481138151,
        -0.01433747560098183,
        -0.08545908895857467,
        -0.1562283829980968,
        -0.0005870263295986441,
        -0.1379474128138304,
        -0.1810114614270465,
        -0.1784978358887076,
        -0.10310211199367113,
        -0.1443014822947353,
        -0.2583991874273931,
        -0.003939310499379895,
        -0.1487971622665779,
        -0.029953646088019554,
        0.09110949980231638,
        -0.11548742747348184,
        0.09568238861375208,
        -0.17671729388115287,
        -0.1893338003123783,
        -0.1533953396154793,
        -0.17810926363481872,
        -0.3020463737766248,
        -0.11789864043094153
      ],
      [
        -0.03128818478230304,
        -0.15647414399695203,
        0.09904187958308901,
        -0.17090059847231892,
        -0.03334118908056908,
        0.9999999999999979,
        0.030033117019633036,
        0.015918907403978534,
        -0.051282645311780076,
        0.0825067975194502,
        -0.00879172003362842,
        0.006688193391717862,
        0.17289583839753608,
        0.08402832201373009,
        0.06233094712158829,
        0.040077819536516505,
        0.09942076328894742,
        0.16661567264073787,
        0.19721590941325173,
        0.2045508423434241,
        0.08289367501767833,
        0.08043306268989345,
        -0.0010525313365566118,
        -0.024685272070176116,
        0.07159695878089734,
        0.20806419818945188,
        0.18285788841843573,
        0.023464239196772176,
        0.07128105360433762,
        -0.07695323189861297
      ],
      [
        0.18212956882204248,
        -0.022060064449760435,
        0.09084017674956822,
        -0.0354025001508762,
        -0.12741858031588316,
        0.030033117019633036,
        0.9999999999999987,
        0.14377481425166697,
        0.17034767909498286,
        0.17995721088350886,
        0.30534171267825977,
        0.04991434361652174,
        0.2654452571418159,
        0.19663699993487277,
        0.27876644993507327,
        0.0822128760589496,
        0.14692097293550793,
        0.10420848252843597,
        -0.0797287532397686,
        -0.018459012687441555,
        -0.2650239958673047,
        -0.18987695534781673,
        -0.014693127895642944,
        -0.346286211349584,
        0.27197874027540353,
        0.17155106148814875,
        0.15466843544598655,
        0.11414449784606451,
        0.27151693853577047,
        -0.09547101631323265
      ],
      [
        0.14722606823496495,
        0.0328567455338129,
        0.1987056728841317,
        -0.0224164295697565,
        -0.08033228481138151,
        0.015918907403978534,
        0.14377481425166697,
        0.9999999999999982,
        0.11657341990266175,
        0.2150981436501806,
        0.08148188088250295,
        0.08627424629738369,
        0.12606298994683987,
        0.023526477018293405,
        0.21288527107840588,
        -0.1831896995633418,
        0.16479481219301545,
        0.17394598166091835,
        0.06664837760994807,
        -0.030740436357165987,
        -0.01347598547244311,
        0.10258142720866845,
        0.08551877151522576,
        -0.10720399402529446,
        0.2866597203697827,
        0.18470956655566803,
        0.26342759873708044,
        0.14039437519558717,
        0.2386028402930414,
        -0.06622814523896328
      ],
      [
        0.1816091433853497,
        0.2586743085770695,
        0.11630345179676484,
        0.051953834794560075,
        -0.01433747560098183,
        -0.051282645311780076,
        0.17034767909498286,
        0.11657341990266175,
        0.9999999999999979,
        0.06272272737469488,
        0.17908667644376997,
        0.19123643889126024,
        0.08186498433280695,
        0.01898621575028777,
        -0.032621435156920564,
        -0.05556327412852816,
        0.017312606478237562,
        0.025367362746446475,
        -0.043278864105856005,
        -0.14979080942271725,
        -0.1069472614342651,
        -0.10320262985008644,
        -0.14014477032644987,
        -0.1151254331937599,
        0.09222284632809154,
        0.11296665704505272,
        0.07214940048411751,
        0.09632479878311444,
        0.13094763195028733,
        -0.0533340008195502
      ],
      [
        0.13749775576242043,
        0.04247703646001115,
        0.07517489523451718,
        -0.22707294710904674,
        -0.08545908895857467,
        0.0825067975194502,
        0.17995721088350886,
        0.2150981436501806,
        0.06272272737469488,
        0.9999999999999983,
        0.23313056197691498,
        0.027473250402706657,
        0.2779447752119363,
        0.10817627517487537,
        0.19337530801934305,
        -0.06160166610278215,
        0.0343754311619605,
        0.21511343782905543,
        0.0934484917768775,
        0.03734033057296819,
        0.020498382399580514,
        0.04899546842970799,
        0.05718534490700198,
        -0.17341360392630223,
        0.21346413114845025,
        0.22899564953158197,
        0.2587910277217274,
        0.015252744512316913,
        0.23303742404092506,
        -0.08003798742459094
      ],
      [
        0.1904123180519895,
        0.09600338845398039,
        0.06478616891496827,
        -0.07986935637293945,
        -0.1562283829980968,
        -0.00879172003362842,
        0.30534171267825977,
        0.08148188088250295,
        0.17908667644376997,
        0.23313056197691498,
        0.999999999999998,
        0.02479746456183511,
        0.24326795094328588,
        0.11094273786795869,
        0.06284807200788481,
        0.10750285538556675,
        0.05731999001409757,
        0.030041714535760444,
        -0.1427179208204464,
        -0.037429674963941416,
        -0.19691923575527856,
        -0.24828482376386413,
        0.07550269624382937,
        -0.3013613653907894,
        0.13447868964623974,
        0.04629515384531161,
        0.057742630373196144,
        0.010588095007827173,
        0.23699692622585813,
        0.01569941675290822
      ],
      [
        0.03743377537295243,
        0.24164655098234764,
        -0.0655504748156466,
        -0.02071516751296403,
        -0.0005870263295986441,
        0.006688193391717862,
        0.04991434361652174,
        0.08627424629738369,
        0.19123643889126024,
        0.027473250402706657,
        0.02479746456183511,
        0.9999999999999984,
        -0.0882207318654115,
        -0.14532891240924894,
        -0.05084778512132595,
        -0.19844929671912787,
        -0.07768009377868718,
        -0.00018767447290084688,
        -0.08581347384954477,
        -0.1919997632171855,
        -0.14077873768069302,
        -0.044936832820744996,
        -0.2648243060202747,
        -0.19739396086334124,
        -0.02242155286360122,
        0.11477807513027447,
        0.04209280348945327,
        -0.17900353360073412,
        -0.04881694662294982,
        -0.004027525019685794
      ],
      [
        0.31635050667577486,
        -0.05587366722808824,
        0.14952176784655868,
        -0.18419607321666118,
        -0.1379474128138304,
        0.17289583839753608,
        0.2654452571418159,
        0.12606298994683987,
        0.08186498433280695,
        0.2779447752119363,
        0.24326795094328588,
        -0.0882207318654115,
        0.9999999999999978,
        0.2736557251675646,
        0.26692933000611274,
        -0.10383795470927887,
        0.14179028817314057,
        0.29028340564759547,
        -0.11373807305947518,
        0.0475818946982159,
        -0.1916301157200394,
        -0.10161163381658143,
        -0.0262984622281473,
        -0.2941242748723566,
        0.14129711111382415,
        0.19796307161533577,
        0.1256759699845392,
        0.10445025308247749,
        0.3043948432362899,
        -0.052298706519258234
      ],
      [
        0.13081937489474477,
        -0.0945502661722633,
        0.21328967548106323,
        -0.17022259895148578,
        -0.1810114614270465,
        0.08402832201373009,
        0.19663699993487277,
        0.023526477018293405,
        0.01898621575028777,
        0.10817627517487537,
        0.11094273786795869,
        -0.14532891240924894,
        0.2736557251675646,
        0.9999999999999984,
        0.12152816922916848,
        0.14795585015445314,
        0.1663555749576678,
        0.2571701091096106,
        -0.034391090290396484,
        0.0914853024035777,
        0.008514802458108752,
        0.025901657105116143,
        0.19250156971495924,
        -0.025871470122180416,
        0.21524381851403027,
        0.1415640864941762,
        0.11883214576019178,
        0.22017919989146875,
        0.3048029604959334,
        0.003229551903734077
      ],
      [
        0.06162847223291783,
        -0.1490938821844173,
        0.17265481105149413,
        -0.057056529672983226,
        -0.1784978358887076,
        0.06233094712158829,
        0.27876644993507327,
        0.21288527107840588,
        -0.032621435156920564,
        0.19337530801934305,
        0.06284807200788481,
        -0.05084778512132595,
        0.26692933000611274,
        0.12152816922916848,
        0.9999999999999982,
        -0.022133204635636824,
        0.18194533314837308,
        0.0703831651480329,
        -0.06305987757901389,
        0.030151225724360672,
        -0.10434981953750323,
        -0.10482156941806917,
        -0.06603701483784748,
        -0.16612972652869606,
        0.09023373190949512,
        0.09902583587895314,
        0.2731763207250502,
        0.15584948979171936,
        0.16747194278365904,
        -0.04643769975082798
      ],
      [
        -0.11713222434387709,
        -0.03501935312464899,
        0.08980320095135588,
        0.033540344111633216,
        -0.10310211199367113,
        0.040077819536516505,
        0.0822128760589496,
        -0.1831896995633418,
        -0.05556327412852816,
        -0.06160166610278215,
        0.10750285538556675,
        -0.19844929671912787,
        -0.10383795470927887,
        0.14795585015445314,
        -0.022133204635636824,
        0.9999999999999979,
        0.02992357289753482,
        -0.0701581654403382,
        0.012459300198753482,
        0.1171683705143065,
        0.04702347969764629,
        -0.09798024352883293,
        0.04746036607817102,
        0.09179816228777045,
        -0.19073689831712867,
        -0.1303288807186106,
        -0.03212812457389103,
        0.03832057944185015,
        -0.0013418024325179217,
        0.0553538712343594
      ],
      [
        0.04460524557340596,
        -0.16229617726321255,
        0.1487845337393004,
        -0.05682366809080188,
        -0.1443014822947353,
        0.09942076328894742,
        0.14692097293550793,
        0.16479481219301545,
        0.017312606478237562,
        0.0343754311619605,
        0.05731999001409757,
        -0.07768009377868718,
        0.14179028817314057,
        0.1663555749576678,
        0.18194533314837308,
        0.02992357289753482,
        0.9999999999999982,
        0.1019114300331938,
        -0.00629646661316233,
        0.04680459950761026,
        -0.09001991108329636,
        -0.07559528938173031,
        0.08291689190267992,
        -0.08967272575115763,
        0.23202363815458063,
        0.25931200808444654,
        0.16219217471399336,
        0.19685383039309115,
        0.2428304165612866,
        0.03383077822947239
      ],
      [
        0.19963369418655647,
        -0.12031315287720086,
        0.0971303558712932,
        -0.25770260551319263,
        -0.2583991874273931,
        0.16661567264073787,
        0.10420848252843597,
        0.17394598166091835,
        0.025367362746446475,
        0.21511343782905543,
        0.030041714535760444,
        -0.00018767447290084688,
        0.29028340564759547,
        0.2571701091096106,
        0.0703831651480329,
        -0.0701581654403382,
        0.1019114300331938,
        0.9999999999999983,
        0.31507771398972434,
        0.33943484494337417,
        0.1548218098255482,
        0.23060240807037813,
        0.2578009190466295,
        -0.004678487588272542,
        0.41311923363061936,
        0.30163145712790856,
        0.3464744812666691,
        0.1473674157352591,
        0.31612567891392745,
        0.011603206607936192
      ],
      [
        -0.21749714805673545,
        -0.09672330445583707,
        0.08964766243942553,
        -0.16563817884738638,
        -0.003939310499379895,
        0.19721590941325173,
        -0.0797287532397686,
        0.06664837760994807,
        -0.043278864105856005,
        0.0934484917768775,
        -0.1427179208204464,
        -0.08581347384954477,
        -0.11373807305947518,
        -0.034391090290396484,
        -0.06305987757901389,
        0.012459300198753482,
        -0.00629646661316233,
        0.31507771398972434,
        0.9999999999999986,
        0.46164304393616623,
        0.34798469431033346,
        0.5502968752932197,
        0.2496200195235014,
        0.4360231846428475,
        0.20952849567034618,
        0.058607137811752676,
        0.27919031812140543,
        0.025494822438612556,
        0.016067141367595385,
        -0.0984409052129043
      ],
      [
        -0.15536746148738279,
        -0.1757835586797254,
        0.026949087957548447,
        -0.19863245929236328,
        -0.1487971622665779,
        0.2045508423434241,
        -0.018459012687441555,
        -0.030740436357165987,
        -0.14979080942271725,
        0.03734033057296819,
        -0.037429674963941416,
        -0.1919997632171855,
        0.0475818946982159,
        0.0914853024035777,
        0.030151225724360672,
        0.1171683705143065,
        0.04680459950761026,
        0.33943484494337417,
        0.46164304393616623,
        0.9999999999999983,
        0.41530975084009897,
        0.3018514742360722,
        0.3479130386574782,
        0.4194605040313972,
        0.2266532141124448,
        0.06784953237716015,
        0.20219397367962738,
        0.03318503197571574,
        0.06773639786323972,
        -0.04513488787361385
      ],
      [
        -0.2080727964962974,
        -0.09755413763148474,
        -0.042604509633508966,
        -0.21957757036091174,
        -0.029953646088019554,
        0.08289367501767833,
        -0.2650239958673047,
        -0.01347598547244311,
        -0.1069472614342651,
        0.020498382399580514,
        -0.19691923575527856,
        -0.14077873768069302,
        -0.1916301157200394,
        0.008514802458108752,
        -0.10434981953750323,
        0.04702347969764629,
        -0.09001991108329636,
        0.1548218098255482,
        0.34798469431033346,
        0.41530975084009897,
        0.9999999999999979,
        0.39614850231116533,
        0.2414795394603982,
        0.31066256701167255,
        0.09654564476433906,
        -0.02692598308960509,
        0.10889400343139145,
        -0.0033479069031150566,
        -0.006700597032739996,
        -0.01764945754760499
      ],
      [
        -0.1026889326403002,
        -0.04934334555037499,
        0.004366628930877379,
        -0.13766440524912327,
        0.09110949980231638,
        0.08043306268989345,
        -0.18987695534781673,
        0.10258142720866845,
        -0.10320262985008644,
        0.04899546842970799,
        -0.24828482376386413,
        -0.044936832820744996,
        -0.10161163381658143,
        0.025901657105116143,
        -0.10482156941806917,
        -0.09798024352883293,
        -0.07559528938173031,
        0.23060240807037813,
        0.5502968752932197,
        0.3018514742360722,
        0.39614850231116533,
        0.9999999999999978,
        0.2580354464796852,
        0.4714977906429402,
        0.04431423170474871,
        0.06118734446755157,
        0.11492557286285139,
        -0.009295684995927029,
        -0.04129453415159484,
        -0.045165889054611136
      ],
      [
        0.01249958838998488,
        -0.10312647078477795,
        0.046652977859960226,
        -0.10241321689540463,
        -0.11548742747348184,
        -0.0010525313365566118,
        -0.014693127895642944,
        0.08551877151522576,
        -0.14014477032644987,
        0.05718534490700198,
        0.07550269624382937,
        -0.2648243060202747,
        -0.0262984622281473,
        0.19250156971495924,
        -0.06603701483784748,
        0.04746036607817102,
        0.08291689190267992,
        0.2578009190466295,
        0.2496200195235014,
        0.3479130386574782,
        0.2414795394603982,
        0.2580354464796852,
        0.9999999999999986,
        0.22666801721220062,
        0.2926979494870095,
        0.005890772646670762,
        0.1692329592575816,
        0.15036911895744776,
        0.21059706373416265,
        0.042552518378035656
      ],
      [
        -0.20134348254672937,
        -0.05262784821689398,
        -0.0627362058409372,
        0.04144333549308554,
        0.09568238861375208,
        -0.024685272070176116,
        -0.346286211349584,
        -0.10720399402529446,
        -0.1151254331937599,
        -0.17341360392630223,
        -0.3013613653907894,
        -0.19739396086334124,
        -0.2941242748723566,
        -0.025871470122180416,
        -0.16612972652869606,
        0.09179816228777045,
        -0.08967272575115763,
        -0.004678487588272542,
        0.4360231846428475,
        0.4194605040313972,
        0.31066256701167255,
        0.4714977906429402,
        0.22666801721220062,
        0.9999999999999986,
        -0.06993442024824825,
        -0.14530143289745384,
        -0.03915833343331825,
        0.0062544964127108004,
        -0.1690734808116899,
        0.020971316251831813
      ],
      [
        0.03536105001674287,
        -0.0751911976053773,
        0.10544917937053071,
        -0.16290380909034685,
        -0.17671729388115287,
        0.07159695878089734,
        0.27197874027540353,
        0.2866597203697827,
        0.09222284632809154,
        0.21346413114845025,
        0.13447868964623974,
        -0.02242155286360122,
        0.14129711111382415,
        0.21524381851403027,
        0.09023373190949512,
        -0.19073689831712867,
        0.23202363815458063,
        0.41311923363061936,
        0.20952849567034618,
        0.2266532141124448,
        0.09654564476433906,
        0.04431423170474871,
        0.2926979494870095,
        -0.06993442024824825,
        0.999999999999998,
        0.35817358642229113,
        0.46000187469905396,
        0.3211294410707987,
        0.36786849254179194,
        -0.11437851737251983
      ],
      [
        0.20233454231281256,
        -0.0864228386226108,
        0.1598582140074349,
        -0.1400271021490434,
        -0.1893338003123783,
        0.20806419818945188,
        0.17155106148814875,
        0.18470956655566803,
        0.11296665704505272,
        0.22899564953158197,
        0.04629515384531161,
        0.11477807513027447,
        0.19796307161533577,
        0.1415640864941762,
        0.09902583587895314,
        -0.1303288807186106,
        0.25931200808444654,
        0.30163145712790856,
        0.058607137811752676,
        0.06784953237716015,
        -0.02692598308960509,
        0.06118734446755157,
        0.005890772646670762,
        -0.14530143289745384,
        0.35817358642229113,
        0.9999999999999988,
        0.23136012022904623,
        0.20916644731822012,
        0.27510864645230304,
        0.046781947771780436
      ],
      [
        0.02200611889747333,
        -0.06834238161091485,
        0.25799718352123824,
        -0.1460963120102161,
        -0.1533953396154793,
        0.18285788841843573,
        0.15466843544598655,
        0.26342759873708044,
        0.07214940048411751,
        0.2587910277217274,
        0.057742630373196144,
        0.04209280348945327,
        0.1256759699845392,
        0.11883214576019178,
        0.2731763207250502,
        -0.03212812457389103,
        0.16219217471399336,
        0.3464744812666691,
        0.27919031812140543,
        0.20219397367962738,
        0.10889400343139145,
        0.11492557286285139,
        0.1692329592575816,
        -0.03915833343331825,
        0.46000187469905396,
        0.23136012022904623,
        0.9999999999999977,
        0.21064899497646974,
        0.2524589596824176,
        -0.09121423689809409
      ],
      [
        0.10415508001260905,
        -0.10577302123091517,
        0.22838161104623295,
        -0.04384849583018676,
        -0.17810926363481872,
        0.023464239196772176,
        0.11414449784606451,
        0.14039437519558717,
        0.09632479878311444,
        0.015252744512316913,
        0.010588095007827173,
        -0.17900353360073412,
        0.10445025308247749,
        0.22017919989146875,
        0.15584948979171936,
        0.03832057944185015,
        0.19685383039309115,
        0.1473674157352591,
        0.025494822438612556,
        0.03318503197571574,
        -0.0033479069031150566,
        -0.009295684995927029,
        0.15036911895744776,
        0.0062544964127108004,
        0.3211294410707987,
        0.20916644731822012,
        0.21064899497646974,
        0.9999999999999976,
        0.3347765469893999,
        -0.0030967745617767137
      ],
      [
        0.20065083268255016,
        -0.0165238480359385,
        0.27994224867808787,
        -0.15645856022467372,
        -0.3020463737766248,
        0.07128105360433762,
        0.27151693853577047,
        0.2386028402930414,
        0.13094763195028733,
        0.23303742404092506,
        0.23699692622585813,
        -0.04881694662294982,
        0.3043948432362899,
        0.3048029604959334,
        0.16747194278365904,
        -0.0013418024325179217,
        0.2428304165612866,
        0.31612567891392745,
        0.016067141367595385,
        0.06773639786323972,
        -0.006700597032739996,
        -0.04129453415159484,
        0.21059706373416265,
        -0.1690734808116899,
        0.36786849254179194,
        0.27510864645230304,
        0.2524589596824176,
        0.3347765469893999,
        0.999999999999998,
        -0.04231469945597188
      ],
      [
        0.10028391231486893,
        -0.02238976312398257,
        0.0021245053671673747,
        0.039892133399275775,
        -0.11789864043094153,
        -0.07695323189861297,
        -0.09547101631323265,
        -0.06622814523896328,
        -0.0533340008195502,
        -0.08003798742459094,
        0.01569941675290822,
        -0.004027525019685794,
        -0.052298706519258234,
        0.003229551903734077,
        -0.04643769975082798,
        0.0553538712343594,
        0.03383077822947239,
        0.011603206607936192,
        -0.0984409052129043,
        -0.04513488787361385,
        -0.01764945754760499,
        -0.045165889054611136,
        0.042552518378035656,
        0.020971316251831813,
        -0.11437851737251983,
        0.046781947771780436,
        -0.09121423689809409,
        -0.0030967745617767137,
        -0.04231469945597188,
        0.9999999999999993
      ]
    ]
  },
  "Llama": {
    "model": "Llama",
    "extraction": "meandiff-pcs",
    "common_layer": 19,
    "facet_names": [
      "A:Trust",
      "A:Moral",
      "A:Altru",
      "A:Cooper",
      "A:Modest",
      "A:Sympath",
      "C:Self-Eff",
      "C:Order",
      "C:Dutiful",
      "C:Achieve",
      "C:Discipl",
      "C:Caution",
      "E:Friend",
      "E:Gregar",
      "E:Assert",
      "E:Activity",
      "E:Excite",
      "E:Cheerf",
      "N:Anxiety",
      "N:Anger",
      "N:Depression",
      "N:Self-Cons",
      "N:Immoder",
      "N:Vulner",
      "O:Imagin",
      "O:Artist",
      "O:Emotion",
      "O:Advent",
      "O:Intell",
      "O:Liberal"
    ],
    "within_mean": 0.13465296955628495,
    "across_mean": 0.026688366249471705,
    "ratio": 5.04538075870232,
    "nn_within_trait": 16,
    "n_facets": 30,
    "purity_5": 0.5333333333333333,
    "cosine_matrix": [
      [
        0.999999999997204,
        0.1426602146061385,
        0.1503157727444811,
        -0.010156972136768526,
        -0.15712831849774425,
        -0.02093225076675506,
        0.15577233189487674,
        0.192490387659422,
        0.14206108673562334,
        0.09635042600235624,
        0.19614662596576327,
        0.05618882034297977,
        0.28142579339129725,
        0.08148784930656233,
        0.055000243511323266,
        -0.0653391567371093,
        -0.014369016393924941,
        0.20191696331176726,
        -0.20448970337845307,
        -0.16176416214016165,
        -0.21439174221919982,
        -0.12204302290507803,
        0.04713236118749471,
        -0.22888507391518337,
        0.019164551574134523,
        0.16957923892662424,
        0.06361523658775982,
        0.03293748385982298,
        0.14733429966935072,
        0.1450303599533495
      ],
      [
        0.1426602146061385,
        0.9999999999978628,
        -0.01485669292045036,
        0.08310447808852482,
        0.0721974483317189,
        -0.09261827642338404,
        -0.025409762984175886,
        0.06256835728554369,
        0.22647297901757238,
        0.001629264380625537,
        0.04223617979864503,
        0.21866253865690413,
        -0.0368263693205682,
        -0.10766164052534734,
        -0.15899388816377688,
        -0.024377570745256146,
        -0.16897430173978797,
        -0.07234141863877237,
        -0.06792324936024564,
        -0.18287575687792015,
        -0.08545666275851148,
        -0.007308473554562286,
        -0.07129473815889635,
        -0.09540595261923189,
        -0.04843345477072611,
        -0.07441779011483772,
        -0.08168460426111634,
        -0.16460048387458945,
        -0.07259448612108547,
        -0.0031945353019963707
      ],
      [
        0.1503157727444811,
        -0.01485669292045036,
        0.9999999999972962,
        -0.010890068859409827,
        -0.16640167719900767,
        0.09680646716646905,
        0.08957094996465347,
        0.16080177733559006,
        0.0854622663024685,
        0.10648194397759958,
        0.1096840319360013,
        -0.00978740624077814,
        0.14731101419477802,
        0.110681216954464,
        0.07506888439622936,
        0.095119471156524,
        0.0879682529601435,
        0.09712104848393609,
        0.14372444096437326,
        -0.05102246710614603,
        -0.10932884043783382,
        0.05664871459407955,
        0.03543600948964171,
        -0.0751422090189812,
        0.08743936224948261,
        0.15768833738906093,
        0.18606751623481124,
        0.1430696591335959,
        0.21742295612574197,
        -0.006096073747982365
      ],
      [
        -0.010156972136768526,
        0.08310447808852482,
        -0.010890068859409827,
        0.9999999999977606,
        0.28005375081987705,
        -0.12915763851959589,
        -0.04341142420111011,
        -0.04008592762117801,
        0.018547758637183838,
        -0.18292158832392655,
        -0.16668866716483413,
        -0.0015053816777308568,
        -0.19606327987936267,
        -0.14780188315894674,
        -0.11168877458897152,
        -0.014124432699296396,
        -0.06429331426106606,
        -0.26243829357119675,
        -0.2689872481422905,
        -0.16671636537092682,
        -0.24278073679542866,
        -0.14379781892734905,
        -0.128745413464763,
        0.011806388847895255,
        -0.16661958124887974,
        -0.10862097645965604,
        -0.1943034909808459,
        -0.10739294276554824,
        -0.17336693744162698,
        0.06857976828896617
      ],
      [
        -0.15712831849774425,
        0.0721974483317189,
        -0.16640167719900767,
        0.28005375081987705,
        0.9999999999976166,
        -0.13511993368310576,
        -0.15147584619256457,
        -0.03738781230535844,
        -0.014942298767706152,
        -0.12363962510074392,
        -0.14279437958886454,
        -0.008067428105326152,
        -0.10713179353188533,
        -0.10016083958552517,
        -0.18017512599204205,
        -0.08032003720782448,
        -0.1143775174360729,
        -0.3002502540676276,
        -0.14987111372140327,
        -0.16972677437590014,
        -0.026669112924610248,
        -0.010909705469724177,
        -0.11027991822887687,
        0.03252018897784951,
        -0.17541058804139062,
        -0.20392085654730152,
        -0.21046797877264023,
        -0.08999286783432246,
        -0.19731563481601225,
        -0.05487942020116673
      ],
      [
        -0.02093225076675506,
        -0.09261827642338404,
        0.09680646716646905,
        -0.12915763851959589,
        -0.13511993368310576,
        0.9999999999978264,
        0.05016736965732565,
        0.01589000735401167,
        -0.014185774463951549,
        0.07529588156724507,
        0.04308862390793722,
        0.05931994214901462,
        0.17610369623481023,
        0.060212132695882145,
        0.11429116035624282,
        0.042470744288599496,
        0.10908356441864288,
        0.1285528751519597,
        0.1340779001315965,
        0.16873557658646732,
        0.05886645958372924,
        -0.011195339766794212,
        -0.045019639447669006,
        -0.04746342998371366,
        0.11485530484801688,
        0.163679251750717,
        0.15802486356136772,
        0.048792232522347566,
        0.11861294685527915,
        -0.09258928779868893
      ],
      [
        0.15577233189487674,
        -0.025409762984175886,
        0.08957094996465347,
        -0.04341142420111011,
        -0.15147584619256457,
        0.05016736965732565,
        0.9999999999976014,
        0.1223408817863944,
        0.10148241587807272,
        0.1225496072585725,
        0.33483303603679965,
        0.04975552935794902,
        0.28350974663410594,
        0.16641949316553026,
        0.24292543636540195,
        0.09335549919230936,
        0.08590541193358135,
        0.1473374378676464,
        0.00980340132903808,
        0.0732297700117282,
        -0.14749262846391062,
        -0.11543992420519297,
        0.0562706330751979,
        -0.2582124746015908,
        0.3179805425257321,
        0.09876275066219559,
        0.24931409294805223,
        0.13406233013347676,
        0.2924736994641857,
        -0.09402591940355741
      ],
      [
        0.192490387659422,
        0.06256835728554369,
        0.16080177733559006,
        -0.04008592762117801,
        -0.03738781230535844,
        0.01589000735401167,
        0.1223408817863944,
        0.999999999997997,
        0.09482244132527029,
        0.2403967288071317,
        0.14761455151915445,
        -0.001272622864571906,
        0.20128123290862404,
        -0.023318631120507832,
        0.1041044868536236,
        -0.13794197962994456,
        0.03177673725362716,
        0.15855634578384553,
        0.031249122709623885,
        -0.024141508027447973,
        -0.04070461259043221,
        0.04989009669397229,
        0.05589451894896028,
        -0.17094980160142667,
        0.2049171782535776,
        0.18149633755951172,
        0.1838245728099601,
        0.08823712910559588,
        0.18229777268347822,
        0.014714094057718518
      ],
      [
        0.14206108673562334,
        0.22647297901757238,
        0.0854622663024685,
        0.018547758637183838,
        -0.014942298767706152,
        -0.014185774463951549,
        0.10148241587807272,
        0.09482244132527029,
        0.9999999999972826,
        0.008599416312416633,
        0.1267936062022752,
        0.1688618952866007,
        0.052062273999110766,
        0.022293189621556214,
        -0.055491123147895186,
        -0.026357839893686442,
        0.03711790909261741,
        0.04374207231864739,
        0.010680709284290232,
        -0.090199047459438,
        -0.10432025184387993,
        -0.054745299793934096,
        -0.08450864049377663,
        -0.07722019482819013,
        0.11138372929718206,
        0.07674457922332024,
        0.07364827703533035,
        0.024558025616121342,
        0.13164810308631522,
        -0.05074834599966008
      ],
      [
        0.09635042600235624,
        0.001629264380625537,
        0.10648194397759958,
        -0.18292158832392655,
        -0.12363962510074392,
        0.07529588156724507,
        0.1225496072585725,
        0.2403967288071317,
        0.008599416312416633,
        0.9999999999980269,
        0.22887810855147173,
        0.02655049679682738,
        0.2117251026635051,
        0.0470329450917076,
        0.18468973111094547,
        0.026630548579248937,
        0.02983342216658554,
        0.20173970006813782,
        0.14017585397615145,
        0.056595519189003775,
        0.021176139438377567,
        0.04499376927662916,
        0.034147376659089165,
        -0.16918925992569256,
        0.2011047686333901,
        0.20170397246499558,
        0.2523354838724286,
        0.022599218025200964,
        0.11743823052580614,
        0.023542238334457802
      ],
      [
        0.19614662596576327,
        0.04223617979864503,
        0.1096840319360013,
        -0.16668866716483413,
        -0.14279437958886454,
        0.04308862390793722,
        0.33483303603679965,
        0.14761455151915445,
        0.1267936062022752,
        0.22887810855147173,
        0.9999999999974171,
        0.02157780373990572,
        0.25600061178285666,
        0.13990196580937564,
        0.12461141519818326,
        0.14276602548660866,
        0.0931218284004686,
        0.09013547883158053,
        -0.08776798697742129,
        -0.055443178660990244,
        -0.17694271185153332,
        -0.19359008560139063,
        0.08615980273163112,
        -0.30198071884485,
        0.1821928706534228,
        0.08063534900752166,
        0.17313751042205747,
        0.078337920879915,
        0.16991900011913716,
        -0.019675054206543408
      ],
      [
        0.05618882034297977,
        0.21866253865690413,
        -0.00978740624077814,
        -0.0015053816777308568,
        -0.008067428105326152,
        0.05931994214901462,
        0.04975552935794902,
        -0.001272622864571906,
        0.1688618952866007,
        0.02655049679682738,
        0.02157780373990572,
        0.9999999999980007,
        -0.06829595020512541,
        -0.12804818098141887,
        -0.07152640905944221,
        -0.1132982487986891,
        0.016888320936201198,
        0.025145237317622537,
        0.011162033756001527,
        -0.1286613365344521,
        -0.1077342964395915,
        0.016487440147141808,
        -0.1744972776121435,
        -0.12150120324654878,
        -0.02654527579730326,
        0.08867943461699254,
        0.08482299104008353,
        -0.15853160037543643,
        -0.060248987418789764,
        0.035807191751540936
      ],
      [
        0.28142579339129725,
        -0.0368263693205682,
        0.14731101419477802,
        -0.19606327987936267,
        -0.10713179353188533,
        0.17610369623481023,
        0.28350974663410594,
        0.20128123290862404,
        0.052062273999110766,
        0.2117251026635051,
        0.25600061178285666,
        -0.06829595020512541,
        0.9999999999975561,
        0.19453361329731825,
        0.26043914425079095,
        -0.07682881194020515,
        0.08921808428288977,
        0.2384668515349754,
        -0.05202609386399769,
        0.04382417889746489,
