{
  "Gemma": {
    "model": "Gemma",
    "extraction": "single-ipip-mean",
    "common_layer": 23,
    "facet_names": [
      "A:Trust",
      "A:Moral",
      "A:Altru",
      "A:Cooper",
      "A:Modest",
      "A:Sympath",
      "C:Self-Eff",
      "C:Order",
      "C:Dutiful",
      "C:Achieve",
      "C:Discipl",
      "C:Caution",
      "E:Friend",
      "E:Gregar",
      "E:Assert",
      "E:Activity",
      "E:Excite",
      "E:Cheerf",
      "N:Anxiety",
      "N:Anger",
      "N:Depression",
      "N:Self-Cons",
      "N:Immoder",
      "N:Vulner",
      "O:Imagin",
      "O:Artist",
      "O:Emotion",
      "O:Advent",
      "O:Intell",
      "O:Liberal"
    ],
    "within_mean": 0.12430475652217865,
    "across_mean": -0.02218615449965,
    "ratio": 5.602807521820068,
    "nn_within_trait": 13,
    "n_facets": 30,
    "purity_5": 0.43333333333333335,
    "cosine_matrix": [
      [
        1.0,
        -0.03607207536697388,
        0.18799449503421783,
        -0.16951021552085876,
        -0.14670521020889282,
        0.07586123049259186,
        0.09903877228498459,
        0.0623946413397789,
        0.15645165741443634,
        -0.03954377770423889,
        -0.0506182424724102,
        0.12524470686912537,
        0.14930583536624908,
        -0.10651783645153046,
        0.12573981285095215,
        -0.2541959881782532,
        0.03465920314192772,
        0.14585474133491516,
        0.01830284111201763,
        0.028939902782440186,
        0.08989787101745605,
        -0.1730532944202423,
        -0.16829673945903778,
        -0.26100051403045654,
        -0.029564982280135155,
        0.27964988350868225,
        0.090988889336586,
        -0.09881652146577835,
        -0.044479962438344955,
        0.017134351655840874
      ],
      [
        -0.03607207536697388,
        1.0,
        -0.2201722264289856,
        0.5227672457695007,
        0.41379183530807495,
        0.4082812964916229,
        -0.3413608968257904,
        -0.29847052693367004,
        -0.3935030400753021,
        0.2955658733844757,
        -0.10115715861320496,
        -0.44852951169013977,
        -0.5638110637664795,
        0.4272761046886444,
        -0.5131787657737732,
        0.07783940434455872,
        -0.48235803842544556,
        -0.6316696405410767,
        -0.5479514598846436,
        -0.655312180519104,
        -0.6584890484809875,
        0.5415938496589661,
        0.59565269947052,
        0.22101140022277832,
        -0.5174558162689209,
        -0.2703372538089752,
        -0.5875135064125061,
        0.03894445300102234,
        -0.40752556920051575,
        0.6388852000236511
      ],
      [
        0.18799449503421783,
        -0.2201722264289856,
        1.0,
        -0.1820429414510727,
        -0.2152746468782425,
        0.012964985333383083,
        0.19217492640018463,
        0.1293656826019287,
        0.17099149525165558,
        -0.10964923352003098,
        0.028426434844732285,
        0.11566465348005295,
        0.2878358066082001,
        0.028089478611946106,
        0.2822781503200531,
        -0.03848441317677498,
        0.15298710763454437,
        0.21097685396671295,
        0.1633070558309555,
        0.13735337555408478,
        0.19029100239276886,
        -0.18304923176765442,
        -0.2479873150587082,
        -0.21356803178787231,
        0.11267615109682083,
        0.16234157979488373,
        0.2611927390098572,
        0.03259238600730896,
        0.22851569950580597,
        -0.19782376289367676
      ],
      [
        -0.16951021552085876,
        0.5227672457695007,
        -0.1820429414510727,
        0.9999998211860657,
        0.5934630632400513,
        0.5028959512710571,
        -0.4867604374885559,
        -0.4505842924118042,
        -0.7309022545814514,
        0.1474756896495819,
        -0.2343854159116745,
        -0.7361018657684326,
        -0.5902202725410461,
        0.5007395148277283,
        -0.6446714401245117,
        0.1745752990245819,
        -0.541448175907135,
        -0.758858323097229,
        -0.5567781329154968,
        -0.7007769346237183,
        -0.7101813554763794,
        0.7409250736236572,
        0.7035397291183472,
        0.4664378762245178,
        -0.6293756365776062,
        -0.3839815557003021,
        -0.6809471249580383,
        0.08875151723623276,
        -0.47110751271247864,
        0.7190434336662292
      ],
      [
        -0.14670521020889282,
        0.41379183530807495,
        -0.2152746468782425,
        0.5934630632400513,
        0.9999999403953552,
        0.479832261800766,
        -0.4830145239830017,
        -0.39774197340011597,
        -0.5884419679641724,
        0.13937555253505707,
        -0.34138453006744385,
        -0.5707026720046997,
        -0.4700218737125397,
        0.4659182131290436,
        -0.5736023783683777,
        0.024416061118245125,
        -0.4598223567008972,
        -0.6221559643745422,
        -0.46777644753456116,
        -0.6146831512451172,
        -0.5718074440956116,
        0.6085196733474731,
        0.5462735295295715,
        0.271161824464798,
        -0.48165586590766907,
        -0.26431095600128174,
        -0.4897288978099823,
        -0.0003161491476930678,
        -0.4184744954109192,
        0.5952849984169006
      ],
      [
        0.07586123049259186,
        0.4082812964916229,
        0.012964985333383083,
        0.5028959512710571,
        0.479832261800766,
        1.0000001192092896,
        -0.4719119668006897,
        -0.3992162048816681,
        -0.613190770149231,
        0.15151017904281616,
        -0.35164377093315125,
        -0.6013472080230713,
        -0.48885783553123474,
        0.47265270352363586,
        -0.5678994655609131,
        -0.04179667681455612,
        -0.5080902576446533,
        -0.618148922920227,
        -0.37530606985092163,
        -0.5923964381217957,
        -0.5087710618972778,
        0.56142258644104,
        0.5517644882202148,
        0.3568764925003052,
        -0.4943214952945709,
        -0.13365419209003448,
        -0.37663164734840393,
        0.014975433237850666,
        -0.4206976890563965,
        0.6370106339454651
      ],
      [
        0.09903877228498459,
        -0.3413608968257904,
        0.19217492640018463,
        -0.4867604374885559,
        -0.4830145239830017,
        -0.4719119668006897,
        1.0,
        0.3355182707309723,
        0.5409347414970398,
        0.10045488178730011,
        0.43822181224823,
        0.492911159992218,
        0.44210365414619446,
        -0.35388949513435364,
        0.5463278293609619,
        0.09118618071079254,
        0.32696402072906494,
        0.5016379952430725,
        0.26423850655555725,
        0.43177497386932373,
        0.3875810503959656,
        -0.5395562648773193,
        -0.48417890071868896,
        -0.36321038007736206,
        0.2972424626350403,
        0.16442960500717163,
        0.35519757866859436,
        -0.12538275122642517,
        0.3828291594982147,
        -0.48186156153678894
      ],
      [
        0.0623946413397789,
        -0.29847052693367004,
        0.1293656826019287,
        -0.4505842924118042,
        -0.39774197340011597,
        -0.3992162048816681,
        0.3355182707309723,
        0.9999999403953552,
        0.46982139348983765,
        -0.05301203951239586,
        0.2538352310657501,
        0.49334219098091125,
        0.3086203634738922,
        -0.2621054947376251,
        0.44820353388786316,
        -0.08891701698303223,
        0.4407775402069092,
        0.46192124485969543,
        0.2708419859409332,
        0.36663612723350525,
        0.39329755306243896,
        -0.5286552906036377,
        -0.45479440689086914,
        -0.40332332253456116,
        0.4080613851547241,
        0.3914632499217987,
        0.35870659351348877,
        0.20625612139701843,
        0.39538076519966125,
        -0.46398571133613586
      ],
      [
        0.15645165741443634,
        -0.3935030400753021,
        0.17099149525165558,
        -0.7309022545814514,
        -0.5884419679641724,
        -0.613190770149231,
        0.5409347414970398,
        0.46982139348983765,
        0.9999999403953552,
        -0.1435847133398056,
        0.35566169023513794,
        0.8377686738967896,
        0.6359618306159973,
        -0.6137189269065857,
        0.72230464220047,
        -0.1588844209909439,
        0.5684065222740173,
        0.818416953086853,
        0.5310443043708801,
        0.7456861734390259,
        0.7056719660758972,
        -0.7921704053878784,
        -0.7816300392150879,
        -0.5513443946838379,
        0.5625841617584229,
        0.29417070746421814,
        0.6358718872070312,
        -0.18453168869018555,
        0.43481701612472534,
        -0.8052183389663696
      ],
      [
        -0.03954377770423889,
        0.2955658733844757,
        -0.10964923352003098,
        0.1474756896495819,
        0.13937555253505707,
        0.15151017904281616,
        0.10045488178730011,
        -0.05301203951239586,
        -0.1435847133398056,
        1.0000001192092896,
        0.24086619913578033,
        -0.1308768093585968,
        -0.24034863710403442,
        0.20637798309326172,
        -0.13490672409534454,
        0.16772426664829254,
        -0.20530129969120026,
        -0.25108247995376587,
        -0.32987692952156067,
        -0.3306891918182373,
        -0.361549437046051,
        0.13105575740337372,
        0.28870105743408203,
        -0.0214267298579216,
        -0.23438847064971924,
        -0.16893072426319122,
        -0.2778565585613251,
        -0.034212492406368256,
        -0.18620644509792328,
        0.27767863869667053
      ],
      [
        -0.0506182424724102,
        -0.10115715861320496,
        0.028426434844732285,
        -0.2343854159116745,
        -0.34138453006744385,
        -0.35164377093315125,
        0.43822181224823,
        0.2538352310657501,
        0.35566169023513794,
        0.24086619913578033,
        0.9999998807907104,
        0.28355899453163147,
        0.1826508790254593,
        -0.22738225758075714,
        0.2604442834854126,
        0.2594012916088104,
        0.11654401570558548,
        0.23290160298347473,
        0.11738719791173935,
        0.23763638734817505,
        0.14550481736660004,
        -0.294462651014328,
        -0.1759374439716339,
        -0.18703840672969818,
        0.13074913620948792,
        -0.08792153000831604,
        0.07415935397148132,
        -0.06980000436306,
        0.05581086501479149,
        -0.24380868673324585
      ],
      [
        0.12524470686912537,
        -0.44852951169013977,
        0.11566465348005295,
        -0.7361018657684326,
        -0.5707026720046997,
        -0.6013472080230713,
        0.492911159992218,
        0.49334219098091125,
        0.8377686738967896,
        -0.1308768093585968,
        0.28355899453163147,
        1.0000003576278687,
        0.6390945315361023,
        -0.6402076482772827,
        0.7106315493583679,
        -0.2178354114294052,
        0.5921815633773804,
        0.8160441517829895,
        0.5583819150924683,
        0.7481130361557007,
        0.7099124193191528,
        -0.7640703320503235,
        -0.8047194480895996,
        -0.5566478967666626,
        0.5874132513999939,
        0.3116382956504822,
        0.6275147199630737,
        -0.14839886128902435,
        0.42009437084198,
        -0.8124018311500549
      ],
      [
        0.14930583536624908,
        -0.5638110637664795,
        0.2878358066082001,
        -0.5902202725410461,
        -0.4700218737125397,
        -0.48885783553123474,
        0.44210365414619446,
        0.3086203634738922,
        0.6359618306159973,
        -0.24034863710403442,
        0.1826508790254593,
        0.6390945315361023,
        1.0000001192092896,
        -0.4244726598262787,
        0.6478226184844971,
        -0.168768510222435,
        0.558099091053009,
        0.75359046459198,
        0.4739280045032501,
        0.7029867172241211,
        0.6353111267089844,
        -0.6277099251747131,
        -0.7400297522544861,
        -0.44149187207221985,
        0.4555389881134033,
        0.22353559732437134,
        0.5547564029693604,
        -0.18798476457595825,
        0.33787310123443604,
        -0.7487978935241699
      ],
      [
        -0.10651783645153046,
        0.4272761046886444,
        0.028089478611946106,
        0.5007395148277283,
        0.4659182131290436,
        0.47265270352363586,
        -0.35388949513435364,
        -0.2621054947376251,
        -0.6137189269065857,
        0.20637798309326172,
        -0.22738225758075714,
        -0.6402076482772827,
        -0.4244726598262787,
        1.0000001192092896,
        -0.4948524832725525,
        0.1817932426929474,
        -0.31795382499694824,
        -0.6107063889503479,
        -0.5613393187522888,
        -0.6926064491271973,
        -0.6690196990966797,
        0.5396678447723389,
        0.6349188089370728,
        0.247060626745224,
        -0.36428406834602356,
        -0.09272290021181107,
        -0.4942222833633423,
        0.3396974802017212,
        -0.19878096878528595,
        0.6256318092346191
      ],
      [
        0.12573981285095215,
        -0.5131787657737732,
        0.2822781503200531,
        -0.6446714401245117,
        -0.5736023783683777,
        -0.5678994655609131,
        0.5463278293609619,
        0.44820353388786316,
        0.72230464220047,
        -0.13490672409534454,
        0.2604442834854126,
        0.7106315493583679,
        0.6478226184844971,
        -0.4948524832725525,
        0.9999998211860657,
        -0.14449919760227203,
        0.59400874376297,
        0.7323920130729675,
        0.44526198506355286,
        0.6627959609031677,
        0.6182914972305298,
        -0.7158375978469849,
        -0.728874683380127,
        -0.4922841787338257,
        0.4899490773677826,
        0.2309473305940628,
        0.5977222323417664,
        -0.10829503834247589,
        0.4290138781070709,
        -0.7452511191368103
      ],
      [
        -0.2541959881782532,
        0.07783940434455872,
        -0.03848441317677498,
        0.1745752990245819,
        0.024416061118245125,
        -0.04179667681455612,
        0.09118618071079254,
        -0.08891701698303223,
        -0.1588844209909439,
        0.16772426664829254,
        0.2594012916088104,
        -0.2178354114294052,
        -0.168768510222435,
        0.1817932426929474,
        -0.14449919760227203,
        1.0,
        -0.09882606565952301,
        -0.1844175010919571,
        -0.1674225628376007,
        -0.13741180300712585,
        -0.18320679664611816,
        0.12986800074577332,
        0.24464327096939087,
        0.16100306808948517,
        -0.1354171335697174,
        -0.2167036235332489,
        -0.17764490842819214,
        0.13603438436985016,
        -0.03236912935972214,
        0.1441018283367157
      ],
      [
        0.03465920314192772,
        -0.48235803842544556,
        0.15298710763454437,
        -0.541448175907135,
        -0.4598223567008972,
        -0.5080902576446533,
        0.32696402072906494,
        0.4407775402069092,
        0.5684065222740173,
        -0.20530129969120026,
        0.11654401570558548,
        0.5921815633773804,
        0.558099091053009,
        -0.31795382499694824,
        0.59400874376297,
        -0.09882606565952301,
        1.0,
        0.683273434638977,
        0.3874985873699188,
        0.578864336013794,
        0.5687504410743713,
        -0.6586257219314575,
        -0.6422322392463684,
        -0.5213574171066284,
        0.5817738771438599,
        0.3440333902835846,
        0.5131052732467651,
        0.13591822981834412,
        0.49387872219085693,
        -0.6729274988174438
      ],
      [
        0.14585474133491516,
        -0.6316696405410767,
        0.21097685396671295,
        -0.758858323097229,
        -0.6221559643745422,
        -0.618148922920227,
        0.5016379952430725,
        0.46192124485969543,
        0.818416953086853,
        -0.25108247995376587,
        0.23290160298347473,
        0.8160441517829895,
        0.75359046459198,
        -0.6107063889503479,
        0.7323920130729675,
        -0.1844175010919571,
        0.683273434638977,
        0.9999999403953552,
        0.6188538074493408,
        0.8319356441497803,
        0.8163605332374573,
        -0.8368543982505798,
        -0.8529239296913147,
        -0.5471753478050232,
        0.6818768382072449,
        0.38787010312080383,
        0.6916030645370483,
        -0.14994511008262634,
        0.4987565577030182,
        -0.8732821941375732
      ],
      [
        0.01830284111201763,
        -0.5479514598846436,
        0.1633070558309555,
        -0.5567781329154968,
        -0.46777644753456116,
        -0.37530606985092163,
        0.26423850655555725,
        0.2708419859409332,
        0.5310443043708801,
        -0.32987692952156067,
        0.11738719791173935,
        0.5583819150924683,
        0.4739280045032501,
        -0.5613393187522888,
        0.44526198506355286,
        -0.1674225628376007,
        0.3874985873699188,
        0.6188538074493408,
        1.000000238418579,
        0.7441149950027466,
        0.7109317183494568,
        -0.4209717810153961,
        -0.6068935990333557,
        -0.027291161939501762,
        0.4991719722747803,
        0.18384720385074615,
        0.5665895938873291,
        -0.16830839216709137,
        0.30885228514671326,
        -0.6662938594818115
      ],
      [
        0.028939902782440186,
        -0.655312180519104,
        0.13735337555408478,
        -0.7007769346237183,
        -0.6146831512451172,
        -0.5923964381217957,
        0.43177497386932373,
        0.36663612723350525,
        0.7456861734390259,
        -0.3306891918182373,
        0.23763638734817505,
        0.7481130361557007,
        0.7029867172241211,
        -0.6926064491271973,
        0.6627959609031677,
        -0.13741180300712585,
        0.578864336013794,
        0.8319356441497803,
        0.7441149950027466,
        0.9999997615814209,
        0.8637447953224182,
        -0.7240029573440552,
        -0.8009980916976929,
        -0.30369001626968384,
        0.5791825652122498,
        0.21576976776123047,
        0.6849819421768188,
        -0.248945951461792,
        0.387471079826355,
        -0.8603925704956055
      ],
      [
        0.08989787101745605,
        -0.6584890484809875,
        0.19029100239276886,
        -0.7101813554763794,
        -0.5718074440956116,
        -0.5087710618972778,
        0.3875810503959656,
        0.39329755306243896,
        0.7056719660758972,
        -0.361549437046051,
        0.14550481736660004,
        0.7099124193191528,
        0.6353111267089844,
        -0.6690196990966797,
        0.6182914972305298,
        -0.18320679664611816,
        0.5687504410743713,
        0.8163605332374573,
        0.7109317183494568,
        0.8637447953224182,
        0.9999998211860657,
        -0.7217890620231628,
        -0.7792081236839294,
        -0.3374672830104828,
        0.5926912426948547,
        0.26863887906074524,
        0.7335761189460754,
        -0.19210603833198547,
        0.39869821071624756,
        -0.8154599666595459
      ],
      [
        -0.1730532944202423,
        0.5415938496589661,
        -0.18304923176765442,
        0.7409250736236572,
        0.6085196733474731,
        0.56142258644104,
        -0.5395562648773193,
        -0.5286552906036377,
        -0.7921704053878784,
        0.13105575740337372,
        -0.294462651014328,
        -0.7640703320503235,
        -0.6277099251747131,
        0.5396678447723389,
        -0.7158375978469849,
        0.12986800074577332,
        -0.6586257219314575,
        -0.8368543982505798,
        -0.4209717810153961,
        -0.7240029573440552,
        -0.7217890620231628,
        1.0000001192092896,
        0.7813368439674377,
        0.6229855418205261,
        -0.6472111940383911,
        -0.4075058698654175,
        -0.6422314643859863,
        0.0686584860086441,
        -0.5466617345809937,
        0.787772536277771
      ],
      [
        -0.16829673945903778,
        0.59565269947052,
        -0.2479873150587082,
        0.7035397291183472,
        0.5462735295295715,
        0.5517644882202148,
        -0.48417890071868896,
        -0.45479440689086914,
        -0.7816300392150879,
        0.28870105743408203,
        -0.1759374439716339,
        -0.8047194480895996,
        -0.7400297522544861,
        0.6349188089370728,
        -0.728874683380127,
        0.24464327096939087,
        -0.6422322392463684,
        -0.8529239296913147,
        -0.6068935990333557,
        -0.8009980916976929,
        -0.7792081236839294,
        0.7813368439674377,
        1.0,
        0.5146030783653259,
        -0.5739774703979492,
        -0.33775195479393005,
        -0.6665987968444824,
        0.17388570308685303,
        -0.47598549723625183,
        0.8371376991271973
      ],
      [
        -0.26100051403045654,
        0.22101140022277832,
        -0.21356803178787231,
        0.4664378762245178,
        0.271161824464798,
        0.3568764925003052,
        -0.36321038007736206,
        -0.40332332253456116,
        -0.5513443946838379,
        -0.0214267298579216,
        -0.18703840672969818,
        -0.5566478967666626,
        -0.44149187207221985,
        0.247060626745224,
        -0.4922841787338257,
        0.16100306808948517,
        -0.5213574171066284,
        -0.5471753478050232,
        -0.027291161939501762,
        -0.30369001626968384,
        -0.3374672830104828,
        0.6229855418205261,
        0.5146030783653259,
        0.9999999403953552,
        -0.3987075388431549,
        -0.37884318828582764,
        -0.3190847635269165,
        -0.05398353934288025,
        -0.3433041572570801,
        0.4710243046283722
      ],
      [
        -0.029564982280135155,
        -0.5174558162689209,
        0.11267615109682083,
        -0.6293756365776062,
        -0.48165586590766907,
        -0.4943214952945709,
        0.2972424626350403,
        0.4080613851547241,
        0.5625841617584229,
        -0.23438847064971924,
        0.13074913620948792,
        0.5874132513999939,
        0.4555389881134033,
        -0.36428406834602356,
        0.4899490773677826,
        -0.1354171335697174,
        0.5817738771438599,
        0.6818768382072449,
        0.4991719722747803,
        0.5791825652122498,
        0.5926912426948547,
        -0.6472111940383911,
        -0.5739774703979492,
        -0.3987075388431549,
        0.9999998211860657,
        0.39017292857170105,
        0.5950711369514465,
        0.11083725094795227,
        0.6152222752571106,
        -0.6583486795425415
      ],
      [
        0.27964988350868225,
        -0.2703372538089752,
        0.16234157979488373,
        -0.3839815557003021,
        -0.26431095600128174,
        -0.13365419209003448,
        0.16442960500717163,
        0.3914632499217987,
        0.29417070746421814,
        -0.16893072426319122,
        -0.08792153000831604,
        0.3116382956504822,
        0.22353559732437134,
        -0.09272290021181107,
        0.2309473305940628,
        -0.2167036235332489,
        0.3440333902835846,
        0.38787010312080383,
        0.18384720385074615,
        0.21576976776123047,
        0.26863887906074524,
        -0.4075058698654175,
        -0.33775195479393005,
        -0.37884318828582764,
        0.39017292857170105,
        1.0,
        0.3378854990005493,
        0.2519194483757019,
        0.39974579215049744,
        -0.2798067629337311
      ],
      [
        0.090988889336586,
        -0.5875135064125061,
        0.2611927390098572,
        -0.6809471249580383,
        -0.4897288978099823,
        -0.37663164734840393,
        0.35519757866859436,
        0.35870659351348877,
        0.6358718872070312,
        -0.2778565585613251,
        0.07415935397148132,
        0.6275147199630737,
        0.5547564029693604,
        -0.4942222833633423,
        0.5977222323417664,
        -0.17764490842819214,
        0.5131052732467651,
        0.6916030645370483,
        0.5665895938873291,
        0.6849819421768188,
        0.7335761189460754,
        -0.6422314643859863,
        -0.6665987968444824,
        -0.3190847635269165,
        0.5950711369514465,
        0.3378854990005493,
        1.000000238418579,
        -0.05530817061662674,
        0.4625895023345947,
        -0.7023517489433289
      ],
      [
        -0.09881652146577835,
        0.03894445300102234,
        0.03259238600730896,
        0.08875151723623276,
        -0.0003161491476930678,
        0.014975433237850666,
        -0.12538275122642517,
        0.20625612139701843,
        -0.18453168869018555,
        -0.034212492406368256,
        -0.06980000436306,
        -0.14839886128902435,
        -0.18798476457595825,
        0.3396974802017212,
        -0.10829503834247589,
        0.13603438436985016,
        0.13591822981834412,
        -0.14994511008262634,
        -0.16830839216709137,
        -0.248945951461792,
        -0.19210603833198547,
        0.0686584860086441,
        0.17388570308685303,
        -0.05398353934288025,
        0.11083725094795227,
        0.2519194483757019,
        -0.05530817061662674,
        0.9999999403953552,
        0.2758373022079468,
        0.12040118873119354
      ],
      [
        -0.044479962438344955,
        -0.40752556920051575,
        0.22851569950580597,
        -0.47110751271247864,
        -0.4184744954109192,
        -0.4206976890563965,
        0.3828291594982147,
        0.39538076519966125,
        0.43481701612472534,
        -0.18620644509792328,
        0.05581086501479149,
        0.42009437084198,
        0.33787310123443604,
        -0.19878096878528595,
        0.4290138781070709,
        -0.03236912935972214,
        0.49387872219085693,
        0.4987565577030182,
        0.30885228514671326,
        0.387471079826355,
        0.39869821071624756,
        -0.5466617345809937,
        -0.47598549723625183,
        -0.3433041572570801,
        0.6152222752571106,
        0.39974579215049744,
        0.4625895023345947,
        0.2758373022079468,
        1.000000238418579,
        -0.5063951015472412
      ],
      [
        0.017134351655840874,
        0.6388852000236511,
        -0.19782376289367676,
        0.7190434336662292,
        0.5952849984169006,
        0.6370106339454651,
        -0.48186156153678894,
        -0.46398571133613586,
        -0.8052183389663696,
        0.27767863869667053,
        -0.24380868673324585,
        -0.8124018311500549,
        -0.7487978935241699,
        0.6256318092346191,
        -0.7452511191368103,
        0.1441018283367157,
        -0.6729274988174438,
        -0.8732821941375732,
        -0.6662938594818115,
        -0.8603925704956055,
        -0.8154599666595459,
        0.787772536277771,
        0.8371376991271973,
        0.4710243046283722,
        -0.6583486795425415,
        -0.2798067629337311,
        -0.7023517489433289,
        0.12040118873119354,
        -0.5063951015472412,
        0.9999997615814209
      ]
    ]
  },
  "Llama": {
    "model": "Llama",
    "extraction": "single-ipip-mean",
    "common_layer": 19,
    "facet_names": [
      "A:Trust",
      "A:Moral",
      "A:Altru",
      "A:Cooper",
      "A:Modest",
      "A:Sympath",
      "C:Self-Eff",
      "C:Order",
      "C:Dutiful",
      "C:Achieve",
      "C:Discipl",
      "C:Caution",
      "E:Friend",
      "E:Gregar",
      "E:Assert",
      "E:Activity",
      "E:Excite",
      "E:Cheerf",
      "N:Anxiety",
      "N:Anger",
      "N:Depression",
      "N:Self-Cons",
      "N:Immoder",
      "N:Vulner",
      "O:Imagin",
      "O:Artist",
      "O:Emotion",
      "O:Advent",
      "O:Intell",
      "O:Liberal"
    ],
    "within_mean": 0.1272163689136505,
    "across_mean": -0.03384922444820404,
    "ratio": 3.758324384689331,
    "nn_within_trait": 20,
    "n_facets": 30,
    "purity_5": 0.5666666666666667,
    "cosine_matrix": [
      [
        1.0,
        0.03895898908376694,
        0.2925786077976227,
        -0.08672179281711578,
        -0.1278252899646759,
        0.03795082867145538,
        0.11434991657733917,
        -0.0005693347193300724,
        0.17275609076023102,
        -0.017039021477103233,
        -0.042554743587970734,
        0.07927937060594559,
        0.10187030583620071,
        -0.12782403826713562,
        0.15505285561084747,
        -0.1988372653722763,
        -0.025986382737755775,
        0.09055584669113159,
        -0.02288440614938736,
        -0.0666981041431427,
        0.01377873495221138,
        -0.1776626855134964,
        -0.18060539662837982,
        -0.20365963876247406,
        -0.1541818380355835,
        0.13814924657344818,
        0.04865917190909386,
        -0.12974610924720764,
        -0.10365469753742218,
        0.12366189807653427
      ],
      [
        0.03895898908376694,
        0.9999998807907104,
        -0.09903939813375473,
        0.07398313283920288,
        0.05569249391555786,
        0.06203494966030121,
        0.046539224684238434,
        0.07634656876325607,
        0.28375619649887085,
        0.1364627331495285,
        0.0024327728897333145,
        0.19922928512096405,
        -0.17544721066951752,
        -0.03529658541083336,
        -0.07205626368522644,
        -0.028428655117750168,
        -0.06284230947494507,
        -0.13033469021320343,
        -0.18180948495864868,
        -0.2175970822572708,
        -0.2200327217578888,
        0.03439021110534668,
        0.026551339775323868,
        -0.21633730828762054,
        -0.15534646809101105,
        -0.020438550040125847,
        -0.26256072521209717,
        -0.1196475401520729,
        -0.1317347288131714,
        0.1605667918920517
      ],
      [
        0.2925786077976227,
        -0.09903939813375473,
        0.9999999403953552,
        -0.02156522497534752,
        -0.15618418157100677,
        0.014547966420650482,
        0.13866212964057922,
        -0.006193341221660376,
        0.14102692902088165,
        -0.03518734127283096,
        0.09604955464601517,
        0.06142823025584221,
        0.21364884078502655,
        0.02635907381772995,
        0.2707440257072449,
        -0.0434570237994194,
        0.05049487203359604,
        0.19148947298526764,
        0.08308354020118713,
        -0.0038144963327795267,
        0.06591924279928207,
        -0.16179153323173523,
        -0.2181016504764557,
        -0.1916031390428543,
        -0.015219931490719318,
        0.011526677757501602,
        0.1551675796508789,
        0.04825780168175697,
        0.09534457325935364,
        -0.14711186289787292
      ],
      [
        -0.08672179281711578,
        0.07398313283920288,
        -0.02156522497534752,
        1.0000001192092896,
        0.16944502294063568,
        -0.039684657007455826,
        -0.012701041996479034,
        -0.09434542059898376,
        -0.047186169773340225,
        -0.14104004204273224,
        -0.08058995753526688,
        -0.041516076773405075,
        0.0023155566304922104,
        -0.1338702142238617,
        -0.04017588496208191,
        -0.011368043720722198,
        -0.00011467514559626579,
        -0.05835507810115814,
        -0.01601138524711132,
        0.06498098373413086,
        -0.076576828956604,
        0.14466677606105804,
        -0.1096949428319931,
        0.0555935874581337,
        -0.23365908861160278,
        -0.20101453363895416,
        -0.2524975538253784,
        -0.135203555226326,
        -0.08692582696676254,
        -0.035821035504341125
      ],
      [
        -0.1278252899646759,
        0.05569249391555786,
        -0.15618418157100677,
        0.16944502294063568,
        0.9999997615814209,
        0.26261433959007263,
        -0.24147945642471313,
        -0.04428500309586525,
        -0.2411803901195526,
        -0.05954788252711296,
        -0.32633155584335327,
        -0.2106068730354309,
        -0.21715928614139557,
        0.17476597428321838,
        -0.2862949073314667,
        -0.09305605292320251,
        -0.1424775868654251,
        -0.262299120426178,
        -0.20044448971748352,
        -0.29940974712371826,
        -0.15108470618724823,
        0.27538689970970154,
        0.07499764114618301,
        -0.09132937341928482,
        -0.1175646260380745,
        0.07958631217479706,
        -0.14649441838264465,
        -0.0692094936966896,
        -0.10979421436786652,
        0.27263733744621277
      ],
      [
        0.03795082867145538,
        0.06203494966030121,
        0.014547966420650482,
        -0.039684657007455826,
        0.26261433959007263,
        0.9999998807907104,
        -0.2830379009246826,
        -0.06082678958773613,
        -0.4142184853553772,
        0.012451442889869213,
        -0.42026469111442566,
        -0.3408688008785248,
        -0.3739551901817322,
        0.256538987159729,
        -0.43855053186416626,
        -0.09868358075618744,
        -0.2938969135284424,
        -0.39482882618904114,
        -0.10106631368398666,
        -0.415073424577713,
        -0.21802565455436707,
        0.3724765479564667,
        0.16637173295021057,
        0.08216634392738342,
        -0.11993230134248734,
        0.3005576431751251,
        -0.034333985298871994,
        -0.11977086961269379,
        -0.12353271245956421,
        0.5167667865753174
      ],
      [
        0.11434991657733917,
        0.046539224684238434,
        0.13866212964057922,
        -0.012701041996479034,
        -0.24147945642471313,
        -0.2830379009246826,
        1.0,
        0.09797188639640808,
        0.28807786107063293,
        0.33663707971572876,
        0.5123782157897949,
        0.2265630066394806,
        0.17322683334350586,
        -0.13997262716293335,
        0.30727100372314453,
        0.23933589458465576,
        0.011677416041493416,
        0.1431116759777069,
        -0.06152738630771637,
        0.0066678086295723915,
        -0.07661222666501999,
        -0.25667819380760193,
        -0.09157164394855499,
        -0.13027651607990265,
        -0.09912536293268204,
        -0.17349310219287872,
        -0.03442240506410599,
        -0.06496863812208176,
        0.12259266525506973,
        -0.15254825353622437
      ],
      [
        -0.0005693347193300724,
        0.07634656876325607,
        -0.006193341221660376,
        -0.09434542059898376,
        -0.04428500309586525,
        -0.06082678958773613,
        0.09797188639640808,
        1.0000001192092896,
        0.04122558981180191,
        0.15254774689674377,
        0.08118325471878052,
        0.03297235816717148,
        -0.09376124292612076,
        0.08129271119832993,
        -0.0448814295232296,
        0.07032477110624313,
        0.05587480589747429,
        -0.03357148543000221,
        -0.20201483368873596,
        -0.22775216400623322,
        -0.17293187975883484,
        -0.13903985917568207,
        0.03565387427806854,
        -0.17925453186035156,
        0.044843629002571106,
        0.2189885675907135,
        -0.10374648869037628,
        0.2909657061100006,
        0.13847675919532776,
        0.10137923061847687
      ],
      [
        0.17275609076023102,
        0.28375619649887085,
        0.14102692902088165,
        -0.047186169773340225,
        -0.2411803901195526,
        -0.4142184853553772,
        0.28807786107063293,
        0.04122558981180191,
        1.0,
        0.09953268617391586,
        0.42469727993011475,
        0.4692258834838867,
        0.29681268334388733,
        -0.25044381618499756,
        0.4125923812389374,
        0.002831107936799526,
        0.14466717839241028,
        0.3326643407344818,
        0.025726407766342163,
        0.27369776368141174,
        0.13011249899864197,
        -0.46290841698646545,
        -0.21090365946292877,
        -0.232831209897995,
        -0.003347759833559394,
        -0.2522837817668915,
        0.1488964706659317,
        -0.09392372518777847,
        -0.04656558111310005,
        -0.4196792244911194
      ],
      [
        -0.017039021477103233,
        0.1364627331495285,
        -0.03518734127283096,
        -0.14104004204273224,
        -0.05954788252711296,
        0.012451442889869213,
        0.33663707971572876,
        0.15254774689674377,
        0.09953268617391586,
        0.9999999403953552,
        0.32854512333869934,
        0.11521907150745392,
        -0.08412590622901917,
        0.02763642743229866,
        0.08983714878559113,
        0.1872900277376175,
        -0.037428684532642365,
        -0.04802310839295387,
        -0.2071360945701599,
        -0.22969748079776764,
        -0.21989387273788452,
        -0.11453200876712799,
        0.08192472904920578,
        -0.18946333229541779,
        -0.08660515397787094,
        -0.06712798029184341,
        -0.11334923654794693,
        -0.09059881418943405,
        -0.0801772028207779,
        0.07929544150829315
      ],
      [
        -0.042554743587970734,
        0.0024327728897333145,
        0.09604955464601517,
        -0.08058995753526688,
        -0.32633155584335327,
        -0.42026469111442566,
        0.5123782157897949,
        0.08118325471878052,
        0.42469727993011475,
        0.32854512333869934,
        1.0,
        0.27016109228134155,
        0.2741941511631012,
        -0.19194290041923523,
        0.3983761668205261,
        0.2781429886817932,
        0.13095936179161072,
        0.2416587620973587,
        0.04231464862823486,
        0.24936701357364655,
        0.08022990822792053,
        -0.34926798939704895,
        -0.15074685215950012,
        -0.10137328505516052,
        -0.0515347383916378,
        -0.332334041595459,
        0.015266039408743382,
        -0.004846407566219568,
        -0.06721653044223785,
        -0.3615424335002899
      ],
      [
        0.07927937060594559,
        0.19922928512096405,
        0.06142823025584221,
        -0.041516076773405075,
        -0.2106068730354309,
        -0.3408688008785248,
        0.2265630066394806,
        0.03297235816717148,
        0.4692258834838867,
        0.11521907150745392,
        0.27016109228134155,
        0.9999998807907104,
        0.26083099842071533,
        -0.28945863246917725,
        0.33761128783226013,
        -0.11856217682361603,
        0.1498917043209076,
        0.2622198462486267,
        0.05353597179055214,
        0.22507546842098236,
        0.10856563597917557,
        -0.2808621823787689,
        -0.23850244283676147,
        -0.20360219478607178,
        -0.0049297320656478405,
        -0.2025602012872696,
        0.12513843178749084,
        -0.013987811282277107,
        -0.0421287938952446,
        -0.3615669310092926
      ],
      [
        0.10187030583620071,
        -0.17544721066951752,
        0.21364884078502655,
        0.0023155566304922104,
        -0.21715928614139557,
        -0.3739551901817322,
        0.17322683334350586,
        -0.09376124292612076,
        0.29681268334388733,
        -0.08412590622901917,
        0.2741941511631012,
        0.26083099842071533,
        1.0,
        -0.13580407202243805,
        0.4575481414794922,
        -0.09754052758216858,
        0.30624228715896606,
        0.41702020168304443,
        0.089954674243927,
        0.43413200974464417,
        0.24308116734027863,
        -0.33466315269470215,
        -0.3853078782558441,
        -0.11184649169445038,
        -0.009056526236236095,
        -0.24354970455169678,
        0.21617986261844635,
        -0.016510257497429848,
        -0.03588077425956726,
        -0.5867069363594055
      ],
      [
        -0.12782403826713562,
        -0.03529658541083336,
        0.02635907381772995,
        -0.1338702142238617,
        0.17476597428321838,
        0.256538987159729,
        -0.13997262716293335,
        0.08129271119832993,
        -0.25044381618499756,
        0.02763642743229866,
