{
  "Gemma": {
    "model": "Gemma",
    "common_layer": 23,
    "facet_names": [
      "A:Trust",
      "A:Moral",
      "A:Altru",
      "A:Cooper",
      "A:Modest",
      "A:Sympath",
      "C:Self-Eff",
      "C:Order",
      "C:Dutiful",
      "C:Achieve",
      "C:Discipl",
      "C:Caution",
      "E:Friend",
      "E:Gregar",
      "E:Assert",
      "E:Activity",
      "E:Excite",
      "E:Cheerf",
      "N:Anxiety",
      "N:Anger",
      "N:Depression",
      "N:Self-Cons",
      "N:Immoder",
      "N:Vulner",
      "O:Imagin",
      "O:Artist",
      "O:Emotion",
      "O:Advent",
      "O:Intell",
      "O:Liberal"
    ],
    "within_mean": 0.16348686528563341,
    "across_mean": 0.026803836609891482,
    "ratio": 6.0993829974810945,
    "nn_within_trait": 16,
    "n_facets": 30,
    "purity_5": 0.5333333333333333,
    "cosine_matrix": [
      [
        0.9999999999999977,
        0.14944349179190233,
        0.12653368454867397,
        -0.002069644584569225,
        -0.17177406688657365,
        -0.03128818478230304,
        0.18212956882204248,
        0.14722606823496495,
        0.1816091433853497,
        0.13749775576242043,
        0.1904123180519895,
        0.03743377537295243,
        0.31635050667577486,
        0.13081937489474477,
        0.06162847223291783,
        -0.11713222434387709,
        0.04460524557340596,
        0.19963369418655647,
        -0.21749714805673545,
        -0.15536746148738279,
        -0.2080727964962974,
        -0.1026889326403002,
        0.01249958838998488,
        -0.20134348254672937,
        0.03536105001674287,
        0.20233454231281256,
        0.02200611889747333,
        0.10415508001260905,
        0.20065083268255016,
        0.10028391231486893
      ],
      [
        0.14944349179190233,
        0.9999999999999991,
        -0.0387677729025189,
        0.09376475832789287,
        0.09467894346300433,
        -0.15647414399695203,
        -0.022060064449760435,
        0.0328567455338129,
        0.2586743085770695,
        0.04247703646001115,
        0.09600338845398039,
        0.24164655098234764,
        -0.05587366722808824,
        -0.0945502661722633,
        -0.1490938821844173,
        -0.03501935312464899,
        -0.16229617726321255,
        -0.12031315287720086,
        -0.09672330445583707,
        -0.1757835586797254,
        -0.09755413763148474,
        -0.04934334555037499,
        -0.10312647078477795,
        -0.05262784821689398,
        -0.0751911976053773,
        -0.0864228386226108,
        -0.06834238161091485,
        -0.10577302123091517,
        -0.0165238480359385,
        -0.02238976312398257
      ],
      [
        0.12653368454867397,
        -0.0387677729025189,
        0.9999999999999972,
        0.08538015295846421,
        -0.16942833493728257,
        0.09904187958308901,
        0.09084017674956822,
        0.1987056728841317,
        0.11630345179676484,
        0.07517489523451718,
        0.06478616891496827,
        -0.0655504748156466,
        0.14952176784655868,
        0.21328967548106323,
        0.17265481105149413,
        0.08980320095135588,
        0.1487845337393004,
        0.0971303558712932,
        0.08964766243942553,
        0.026949087957548447,
        -0.042604509633508966,
        0.004366628930877379,
        0.046652977859960226,
        -0.0627362058409372,
        0.10544917937053071,
        0.1598582140074349,
        0.25799718352123824,
        0.22838161104623295,
        0.27994224867808787,
        0.0021245053671673747
      ],
      [
        -0.002069644584569225,
        0.09376475832789287,
        0.08538015295846421,
        0.9999999999999986,
        0.214737443142135,
        -0.17090059847231892,
        -0.0354025001508762,
        -0.0224164295697565,
        0.051953834794560075,
        -0.22707294710904674,
        -0.07986935637293945,
        -0.02071516751296403,
        -0.18419607321666118,
        -0.17022259895148578,
        -0.057056529672983226,
        0.033540344111633216,
        -0.05682366809080188,
        -0.25770260551319263,
        -0.16563817884738638,
        -0.19863245929236328,
        -0.21957757036091174,
        -0.13766440524912327,
        -0.10241321689540463,
        0.04144333549308554,
        -0.16290380909034685,
        -0.1400271021490434,
        -0.1460963120102161,
        -0.04384849583018676,
        -0.15645856022467372,
        0.039892133399275775
      ],
      [
        -0.17177406688657365,
        0.09467894346300433,
        -0.16942833493728257,
        0.214737443142135,
        0.9999999999999983,
        -0.03334118908056908,
        -0.12741858031588316,
        -0.08033228481138151,
        -0.01433747560098183,
        -0.08545908895857467,
        -0.1562283829980968,
        -0.0005870263295986441,
        -0.1379474128138304,
        -0.1810114614270465,
        -0.1784978358887076,
        -0.10310211199367113,
        -0.1443014822947353,
        -0.2583991874273931,
        -0.003939310499379895,
        -0.1487971622665779,
        -0.029953646088019554,
        0.09110949980231638,
        -0.11548742747348184,
        0.09568238861375208,
        -0.17671729388115287,
        -0.1893338003123783,
        -0.1533953396154793,
        -0.17810926363481872,
        -0.3020463737766248,
        -0.11789864043094153
      ],
      [
        -0.03128818478230304,
        -0.15647414399695203,
        0.09904187958308901,
        -0.17090059847231892,
        -0.03334118908056908,
        0.9999999999999979,
        0.030033117019633036,
        0.015918907403978534,
        -0.051282645311780076,
        0.0825067975194502,
        -0.00879172003362842,
        0.006688193391717862,
        0.17289583839753608,
        0.08402832201373009,
        0.06233094712158829,
        0.040077819536516505,
        0.09942076328894742,
        0.16661567264073787,
        0.19721590941325173,
        0.2045508423434241,
        0.08289367501767833,
        0.08043306268989345,
        -0.0010525313365566118,
        -0.024685272070176116,
        0.07159695878089734,
        0.20806419818945188,
        0.18285788841843573,
        0.023464239196772176,
        0.07128105360433762,
        -0.07695323189861297
      ],
      [
        0.18212956882204248,
        -0.022060064449760435,
        0.09084017674956822,
        -0.0354025001508762,
        -0.12741858031588316,
        0.030033117019633036,
        0.9999999999999987,
        0.14377481425166697,
        0.17034767909498286,
        0.17995721088350886,
        0.30534171267825977,
        0.04991434361652174,
        0.2654452571418159,
        0.19663699993487277,
        0.27876644993507327,
        0.0822128760589496,
        0.14692097293550793,
        0.10420848252843597,
        -0.0797287532397686,
        -0.018459012687441555,
        -0.2650239958673047,
        -0.18987695534781673,
        -0.014693127895642944,
        -0.346286211349584,
        0.27197874027540353,
        0.17155106148814875,
        0.15466843544598655,
        0.11414449784606451,
        0.27151693853577047,
        -0.09547101631323265
      ],
      [
        0.14722606823496495,
        0.0328567455338129,
        0.1987056728841317,
        -0.0224164295697565,
        -0.08033228481138151,
        0.015918907403978534,
        0.14377481425166697,
        0.9999999999999982,
        0.11657341990266175,
        0.2150981436501806,
        0.08148188088250295,
        0.08627424629738369,
        0.12606298994683987,
        0.023526477018293405,
        0.21288527107840588,
        -0.1831896995633418,
        0.16479481219301545,
        0.17394598166091835,
        0.06664837760994807,
        -0.030740436357165987,
        -0.01347598547244311,
        0.10258142720866845,
        0.08551877151522576,
        -0.10720399402529446,
        0.2866597203697827,
        0.18470956655566803,
        0.26342759873708044,
        0.14039437519558717,
        0.2386028402930414,
        -0.06622814523896328
      ],
      [
        0.1816091433853497,
        0.2586743085770695,
        0.11630345179676484,
        0.051953834794560075,
        -0.01433747560098183,
        -0.051282645311780076,
        0.17034767909498286,
        0.11657341990266175,
        0.9999999999999979,
        0.06272272737469488,
        0.17908667644376997,
        0.19123643889126024,
        0.08186498433280695,
        0.01898621575028777,
        -0.032621435156920564,
        -0.05556327412852816,
        0.017312606478237562,
        0.025367362746446475,
        -0.043278864105856005,
        -0.14979080942271725,
        -0.1069472614342651,
        -0.10320262985008644,
        -0.14014477032644987,
        -0.1151254331937599,
        0.09222284632809154,
        0.11296665704505272,
        0.07214940048411751,
        0.09632479878311444,
        0.13094763195028733,
        -0.0533340008195502
      ],
      [
        0.13749775576242043,
        0.04247703646001115,
        0.07517489523451718,
        -0.22707294710904674,
        -0.08545908895857467,
        0.0825067975194502,
        0.17995721088350886,
        0.2150981436501806,
        0.06272272737469488,
        0.9999999999999983,
        0.23313056197691498,
        0.027473250402706657,
        0.2779447752119363,
        0.10817627517487537,
        0.19337530801934305,
        -0.06160166610278215,
        0.0343754311619605,
        0.21511343782905543,
        0.0934484917768775,
        0.03734033057296819,
        0.020498382399580514,
        0.04899546842970799,
        0.05718534490700198,
        -0.17341360392630223,
        0.21346413114845025,
        0.22899564953158197,
        0.2587910277217274,
        0.015252744512316913,
        0.23303742404092506,
        -0.08003798742459094
      ],
      [
        0.1904123180519895,
        0.09600338845398039,
        0.06478616891496827,
        -0.07986935637293945,
        -0.1562283829980968,
        -0.00879172003362842,
        0.30534171267825977,
        0.08148188088250295,
        0.17908667644376997,
        0.23313056197691498,
        0.999999999999998,
        0.02479746456183511,
        0.24326795094328588,
        0.11094273786795869,
        0.06284807200788481,
        0.10750285538556675,
        0.05731999001409757,
        0.030041714535760444,
        -0.1427179208204464,
        -0.037429674963941416,
        -0.19691923575527856,
        -0.24828482376386413,
        0.07550269624382937,
        -0.3013613653907894,
        0.13447868964623974,
        0.04629515384531161,
        0.057742630373196144,
        0.010588095007827173,
        0.23699692622585813,
        0.01569941675290822
      ],
      [
        0.03743377537295243,
        0.24164655098234764,
        -0.0655504748156466,
        -0.02071516751296403,
        -0.0005870263295986441,
        0.006688193391717862,
        0.04991434361652174,
        0.08627424629738369,
        0.19123643889126024,
        0.027473250402706657,
        0.02479746456183511,
        0.9999999999999984,
        -0.0882207318654115,
        -0.14532891240924894,
        -0.05084778512132595,
        -0.19844929671912787,
        -0.07768009377868718,
        -0.00018767447290084688,
        -0.08581347384954477,
        -0.1919997632171855,
        -0.14077873768069302,
        -0.044936832820744996,
        -0.2648243060202747,
        -0.19739396086334124,
        -0.02242155286360122,
        0.11477807513027447,
        0.04209280348945327,
        -0.17900353360073412,
        -0.04881694662294982,
        -0.004027525019685794
      ],
      [
        0.31635050667577486,
        -0.05587366722808824,
        0.14952176784655868,
        -0.18419607321666118,
        -0.1379474128138304,
        0.17289583839753608,
        0.2654452571418159,
        0.12606298994683987,
        0.08186498433280695,
        0.2779447752119363,
        0.24326795094328588,
        -0.0882207318654115,
        0.9999999999999978,
        0.2736557251675646,
        0.26692933000611274,
        -0.10383795470927887,
        0.14179028817314057,
        0.29028340564759547,
        -0.11373807305947518,
        0.0475818946982159,
        -0.1916301157200394,
        -0.10161163381658143,
        -0.0262984622281473,
        -0.2941242748723566,
        0.14129711111382415,
        0.19796307161533577,
        0.1256759699845392,
        0.10445025308247749,
        0.3043948432362899,
        -0.052298706519258234
      ],
      [
        0.13081937489474477,
        -0.0945502661722633,
        0.21328967548106323,
        -0.17022259895148578,
        -0.1810114614270465,
        0.08402832201373009,
        0.19663699993487277,
        0.023526477018293405,
        0.01898621575028777,
        0.10817627517487537,
        0.11094273786795869,
        -0.14532891240924894,
        0.2736557251675646,
        0.9999999999999984,
        0.12152816922916848,
        0.14795585015445314,
        0.1663555749576678,
        0.2571701091096106,
        -0.034391090290396484,
        0.0914853024035777,
        0.008514802458108752,
        0.025901657105116143,
        0.19250156971495924,
        -0.025871470122180416,
        0.21524381851403027,
        0.1415640864941762,
        0.11883214576019178,
        0.22017919989146875,
        0.3048029604959334,
        0.003229551903734077
      ],
      [
        0.06162847223291783,
        -0.1490938821844173,
        0.17265481105149413,
        -0.057056529672983226,
        -0.1784978358887076,
        0.06233094712158829,
        0.27876644993507327,
        0.21288527107840588,
        -0.032621435156920564,
        0.19337530801934305,
        0.06284807200788481,
        -0.05084778512132595,
        0.26692933000611274,
        0.12152816922916848,
        0.9999999999999982,
        -0.022133204635636824,
        0.18194533314837308,
        0.0703831651480329,
        -0.06305987757901389,
        0.030151225724360672,
        -0.10434981953750323,
        -0.10482156941806917,
        -0.06603701483784748,
        -0.16612972652869606,
        0.09023373190949512,
        0.09902583587895314,
        0.2731763207250502,
        0.15584948979171936,
        0.16747194278365904,
        -0.04643769975082798
      ],
      [
        -0.11713222434387709,
        -0.03501935312464899,
        0.08980320095135588,
        0.033540344111633216,
        -0.10310211199367113,
        0.040077819536516505,
        0.0822128760589496,
        -0.1831896995633418,
        -0.05556327412852816,
        -0.06160166610278215,
        0.10750285538556675,
        -0.19844929671912787,
        -0.10383795470927887,
        0.14795585015445314,
        -0.022133204635636824,
        0.9999999999999979,
        0.02992357289753482,
        -0.0701581654403382,
        0.012459300198753482,
        0.1171683705143065,
        0.04702347969764629,
        -0.09798024352883293,
        0.04746036607817102,
        0.09179816228777045,
        -0.19073689831712867,
        -0.1303288807186106,
        -0.03212812457389103,
        0.03832057944185015,
        -0.0013418024325179217,
        0.0553538712343594
      ],
      [
        0.04460524557340596,
        -0.16229617726321255,
        0.1487845337393004,
        -0.05682366809080188,
        -0.1443014822947353,
        0.09942076328894742,
        0.14692097293550793,
        0.16479481219301545,
        0.017312606478237562,
        0.0343754311619605,
        0.05731999001409757,
        -0.07768009377868718,
        0.14179028817314057,
        0.1663555749576678,
        0.18194533314837308,
        0.02992357289753482,
        0.9999999999999982,
        0.1019114300331938,
        -0.00629646661316233,
        0.04680459950761026,
        -0.09001991108329636,
        -0.07559528938173031,
        0.08291689190267992,
        -0.08967272575115763,
        0.23202363815458063,
        0.25931200808444654,
        0.16219217471399336,
        0.19685383039309115,
        0.2428304165612866,
        0.03383077822947239
      ],
      [
        0.19963369418655647,
        -0.12031315287720086,
        0.0971303558712932,
        -0.25770260551319263,
        -0.2583991874273931,
        0.16661567264073787,
        0.10420848252843597,
        0.17394598166091835,
        0.025367362746446475,
        0.21511343782905543,
        0.030041714535760444,
        -0.00018767447290084688,
        0.29028340564759547,
        0.2571701091096106,
        0.0703831651480329,
        -0.0701581654403382,
        0.1019114300331938,
        0.9999999999999983,
        0.31507771398972434,
        0.33943484494337417,
        0.1548218098255482,
        0.23060240807037813,
        0.2578009190466295,
        -0.004678487588272542,
        0.41311923363061936,
        0.30163145712790856,
        0.3464744812666691,
        0.1473674157352591,
        0.31612567891392745,
        0.011603206607936192
      ],
      [
        -0.21749714805673545,
        -0.09672330445583707,
        0.08964766243942553,
        -0.16563817884738638,
        -0.003939310499379895,
        0.19721590941325173,
        -0.0797287532397686,
        0.06664837760994807,
        -0.043278864105856005,
        0.0934484917768775,
        -0.1427179208204464,
        -0.08581347384954477,
        -0.11373807305947518,
        -0.034391090290396484,
        -0.06305987757901389,
        0.012459300198753482,
        -0.00629646661316233,
        0.31507771398972434,
        0.9999999999999986,
        0.46164304393616623,
        0.34798469431033346,
        0.5502968752932197,
        0.2496200195235014,
        0.4360231846428475,
        0.20952849567034618,
        0.058607137811752676,
        0.27919031812140543,
        0.025494822438612556,
        0.016067141367595385,
        -0.0984409052129043
      ],
      [
        -0.15536746148738279,
        -0.1757835586797254,
        0.026949087957548447,
        -0.19863245929236328,
        -0.1487971622665779,
        0.2045508423434241,
        -0.018459012687441555,
        -0.030740436357165987,
        -0.14979080942271725,
        0.03734033057296819,
        -0.037429674963941416,
        -0.1919997632171855,
        0.0475818946982159,
        0.0914853024035777,
        0.030151225724360672,
        0.1171683705143065,
        0.04680459950761026,
        0.33943484494337417,
        0.46164304393616623,
        0.9999999999999983,
        0.41530975084009897,
        0.3018514742360722,
        0.3479130386574782,
        0.4194605040313972,
        0.2266532141124448,
        0.06784953237716015,
        0.20219397367962738,
        0.03318503197571574,
        0.06773639786323972,
        -0.04513488787361385
      ],
      [
        -0.2080727964962974,
        -0.09755413763148474,
        -0.042604509633508966,
        -0.21957757036091174,
        -0.029953646088019554,
        0.08289367501767833,
        -0.2650239958673047,
        -0.01347598547244311,
        -0.1069472614342651,
        0.020498382399580514,
        -0.19691923575527856,
        -0.14077873768069302,
        -0.1916301157200394,
        0.008514802458108752,
        -0.10434981953750323,
        0.04702347969764629,
        -0.09001991108329636,
        0.1548218098255482,
        0.34798469431033346,
        0.41530975084009897,
        0.9999999999999979,
        0.39614850231116533,
        0.2414795394603982,
        0.31066256701167255,
        0.09654564476433906,
        -0.02692598308960509,
        0.10889400343139145,
        -0.0033479069031150566,
        -0.006700597032739996,
        -0.01764945754760499
      ],
      [
        -0.1026889326403002,
        -0.04934334555037499,
        0.004366628930877379,
        -0.13766440524912327,
        0.09110949980231638,
        0.08043306268989345,
        -0.18987695534781673,
        0.10258142720866845,
        -0.10320262985008644,
        0.04899546842970799,
        -0.24828482376386413,
        -0.044936832820744996,
        -0.10161163381658143,
        0.025901657105116143,
        -0.10482156941806917,
        -0.09798024352883293,
        -0.07559528938173031,
        0.23060240807037813,
        0.5502968752932197,
        0.3018514742360722,
        0.39614850231116533,
        0.9999999999999978,
        0.2580354464796852,
        0.4714977906429402,
        0.04431423170474871,
        0.06118734446755157,
        0.11492557286285139,
        -0.009295684995927029,
        -0.04129453415159484,
        -0.045165889054611136
      ],
      [
        0.01249958838998488,
        -0.10312647078477795,
        0.046652977859960226,
        -0.10241321689540463,
        -0.11548742747348184,
        -0.0010525313365566118,
        -0.014693127895642944,
        0.08551877151522576,
        -0.14014477032644987,
        0.05718534490700198,
        0.07550269624382937,
        -0.2648243060202747,
        -0.0262984622281473,
        0.19250156971495924,
        -0.06603701483784748,
        0.04746036607817102,
        0.08291689190267992,
        0.2578009190466295,
        0.2496200195235014,
        0.3479130386574782,
        0.2414795394603982,
        0.2580354464796852,
        0.9999999999999986,
        0.22666801721220062,
        0.2926979494870095,
        0.005890772646670762,
        0.1692329592575816,
        0.15036911895744776,
        0.21059706373416265,
        0.042552518378035656
      ],
      [
        -0.20134348254672937,
        -0.05262784821689398,
        -0.0627362058409372,
        0.04144333549308554,
        0.09568238861375208,
        -0.024685272070176116,
        -0.346286211349584,
        -0.10720399402529446,
        -0.1151254331937599,
        -0.17341360392630223,
        -0.3013613653907894,
        -0.19739396086334124,
        -0.2941242748723566,
        -0.025871470122180416,
        -0.16612972652869606,
        0.09179816228777045,
        -0.08967272575115763,
        -0.004678487588272542,
        0.4360231846428475,
        0.4194605040313972,
        0.31066256701167255,
        0.4714977906429402,
        0.22666801721220062,
        0.9999999999999986,
        -0.06993442024824825,
        -0.14530143289745384,
        -0.03915833343331825,
        0.0062544964127108004,
        -0.1690734808116899,
        0.020971316251831813
      ],
      [
        0.03536105001674287,
        -0.0751911976053773,
        0.10544917937053071,
        -0.16290380909034685,
        -0.17671729388115287,
        0.07159695878089734,
        0.27197874027540353,
        0.2866597203697827,
        0.09222284632809154,
        0.21346413114845025,
        0.13447868964623974,
        -0.02242155286360122,
        0.14129711111382415,
        0.21524381851403027,
        0.09023373190949512,
        -0.19073689831712867,
        0.23202363815458063,
        0.41311923363061936,
        0.20952849567034618,
        0.2266532141124448,
        0.09654564476433906,
        0.04431423170474871,
        0.2926979494870095,
        -0.06993442024824825,
        0.999999999999998,
        0.35817358642229113,
        0.46000187469905396,
        0.3211294410707987,
        0.36786849254179194,
        -0.11437851737251983
      ],
      [
        0.20233454231281256,
        -0.0864228386226108,
        0.1598582140074349,
        -0.1400271021490434,
        -0.1893338003123783,
        0.20806419818945188,
        0.17155106148814875,
        0.18470956655566803,
        0.11296665704505272,
        0.22899564953158197,
        0.04629515384531161,
        0.11477807513027447,
        0.19796307161533577,
        0.1415640864941762,
        0.09902583587895314,
        -0.1303288807186106,
        0.25931200808444654,
        0.30163145712790856,
        0.058607137811752676,
        0.06784953237716015,
        -0.02692598308960509,
        0.06118734446755157,
        0.005890772646670762,
        -0.14530143289745384,
        0.35817358642229113,
        0.9999999999999988,
        0.23136012022904623,
        0.20916644731822012,
        0.27510864645230304,
        0.046781947771780436
      ],
      [
        0.02200611889747333,
        -0.06834238161091485,
        0.25799718352123824,
        -0.1460963120102161,
        -0.1533953396154793,
        0.18285788841843573,
        0.15466843544598655,
        0.26342759873708044,
        0.07214940048411751,
        0.2587910277217274,
        0.057742630373196144,
        0.04209280348945327,
        0.1256759699845392,
        0.11883214576019178,
        0.2731763207250502,
        -0.03212812457389103,
        0.16219217471399336,
        0.3464744812666691,
        0.27919031812140543,
        0.20219397367962738,
        0.10889400343139145,
        0.11492557286285139,
        0.1692329592575816,
        -0.03915833343331825,
        0.46000187469905396,
        0.23136012022904623,
        0.9999999999999977,
        0.21064899497646974,
        0.2524589596824176,
        -0.09121423689809409
      ],
      [
        0.10415508001260905,
        -0.10577302123091517,
        0.22838161104623295,
        -0.04384849583018676,
        -0.17810926363481872,
        0.023464239196772176,
        0.11414449784606451,
        0.14039437519558717,
        0.09632479878311444,
        0.015252744512316913,
        0.010588095007827173,
        -0.17900353360073412,
        0.10445025308247749,
        0.22017919989146875,
        0.15584948979171936,
        0.03832057944185015,
        0.19685383039309115,
        0.1473674157352591,
        0.025494822438612556,
        0.03318503197571574,
        -0.0033479069031150566,
        -0.009295684995927029,
        0.15036911895744776,
        0.0062544964127108004,
        0.3211294410707987,
        0.20916644731822012,
        0.21064899497646974,
        0.9999999999999976,
        0.3347765469893999,
        -0.0030967745617767137
      ],
      [
        0.20065083268255016,
        -0.0165238480359385,
        0.27994224867808787,
        -0.15645856022467372,
        -0.3020463737766248,
        0.07128105360433762,
        0.27151693853577047,
        0.2386028402930414,
        0.13094763195028733,
        0.23303742404092506,
        0.23699692622585813,
        -0.04881694662294982,
        0.3043948432362899,
        0.3048029604959334,
        0.16747194278365904,
        -0.0013418024325179217,
        0.2428304165612866,
        0.31612567891392745,
        0.016067141367595385,
        0.06773639786323972,
        -0.006700597032739996,
        -0.04129453415159484,
        0.21059706373416265,
        -0.1690734808116899,
        0.36786849254179194,
        0.27510864645230304,
        0.2524589596824176,
        0.3347765469893999,
        0.999999999999998,
        -0.04231469945597188
      ],
      [
        0.10028391231486893,
        -0.02238976312398257,
        0.0021245053671673747,
        0.039892133399275775,
        -0.11789864043094153,
        -0.07695323189861297,
        -0.09547101631323265,
        -0.06622814523896328,
        -0.0533340008195502,
        -0.08003798742459094,
        0.01569941675290822,
        -0.004027525019685794,
        -0.052298706519258234,
        0.003229551903734077,
        -0.04643769975082798,
        0.0553538712343594,
        0.03383077822947239,
        0.011603206607936192,
        -0.0984409052129043,
        -0.04513488787361385,
        -0.01764945754760499,
        -0.045165889054611136,
        0.042552518378035656,
        0.020971316251831813,
        -0.11437851737251983,
        0.046781947771780436,
        -0.09121423689809409,
        -0.0030967745617767137,
        -0.04231469945597188,
        0.9999999999999993
      ]
    ]
  },
  "Llama": {
    "model": "Llama",
    "common_layer": 19,
    "facet_names": [
      "A:Trust",
      "A:Moral",
      "A:Altru",
      "A:Cooper",
      "A:Modest",
      "A:Sympath",
      "C:Self-Eff",
      "C:Order",
      "C:Dutiful",
      "C:Achieve",
      "C:Discipl",
      "C:Caution",
      "E:Friend",
      "E:Gregar",
      "E:Assert",
      "E:Activity",
      "E:Excite",
      "E:Cheerf",
      "N:Anxiety",
      "N:Anger",
      "N:Depression",
      "N:Self-Cons",
      "N:Immoder",
      "N:Vulner",
      "O:Imagin",
      "O:Artist",
      "O:Emotion",
      "O:Advent",
      "O:Intell",
      "O:Liberal"
    ],
    "within_mean": 0.13470453497598442,
    "across_mean": 0.026756812877861472,
    "ratio": 5.034401353811412,
    "nn_within_trait": 17,
    "n_facets": 30,
    "purity_5": 0.5333333333333333,
    "cosine_matrix": [
      [
        0.9999999999971854,
        0.14467540014494537,
        0.14676837370092874,
        -0.015421205675122828,
        -0.15552530026738134,
        -0.02271794283282534,
        0.16037997616883554,
        0.19206849476874172,
        0.14141349248697535,
        0.09949701364270618,
        0.1966817894247663,
        0.056465990109156615,
        0.2828793216467366,
        0.08543074971348401,
        0.06309510108374473,
        -0.06844747638718471,
        -0.009988313423441477,
        0.20321807674724052,
        -0.20223963847556223,
        -0.15778670049315693,
        -0.20587207397633023,
        -0.11640876775091671,
        0.044678117908262024,
        -0.22381500122647535,
        0.017921510147875786,
        0.17301204867876385,
        0.06237580192703693,
        0.038235135792807025,
        0.1498265590296248,
        0.14247800156046622
      ],
      [
        0.14467540014494537,
        0.9999999999978707,
        -0.01359751074926339,
        0.08866481643556832,
        0.07349682186075918,
        -0.09434198019933263,
        -0.023092942842271667,
        0.0619770293718339,
        0.22727683254008682,
        0.005440211996036446,
        0.04201127147388338,
        0.22026107235798575,
        -0.03903913487920431,
        -0.10714626948145861,
        -0.15819707833219143,
        -0.02464737239558827,
        -0.17173810658427413,
        -0.07013613898414592,
        -0.06958264315531316,
        -0.18173453423400124,
        -0.0863852935688578,
        -0.011944597211361678,
        -0.07245405900294331,
        -0.09619504335205147,
        -0.048830999105405004,
        -0.07282717260738718,
        -0.07937040184025584,
        -0.16295626211034575,
        -0.07076385315574978,
        0.0004485335051784286
      ],
      [
        0.14676837370092874,
        -0.01359751074926339,
        0.9999999999972945,
        -0.011511395515273727,
        -0.16655776709400094,
        0.09481434598756722,
        0.09263534762682551,
        0.15972888536722615,
        0.0849962018768346,
        0.1102299690564897,
        0.11129563858216864,
        -0.009110410227051478,
        0.14619304694021648,
        0.11240924011417301,
        0.08244928740517457,
        0.09379867895736846,
        0.08786775746148753,
        0.09843126768017231,
        0.1457328879702212,
        -0.05104718315531533,
        -0.10554178163505114,
        0.05661376760674164,
        0.03444381580279246,
        -0.07201433641222184,
        0.08502974829464224,
        0.15972965450472434,
        0.187772210625383,
        0.1463311549873474,
        0.21886022427463286,
        -0.0023061824138233046
      ],
      [
        -0.015421205675122828,
        0.08866481643556832,
        -0.011511395515273727,
        0.9999999999977585,
        0.28040504835039093,
        -0.13336984343141686,
        -0.03944454268026942,
        -0.04688181052892535,
        0.01975325719655657,
        -0.17937212148075243,
        -0.16512319475765946,
        -0.0024636096954733498,
        -0.20015174144190603,
        -0.1500221688559874,
        -0.10453947312713077,
        -0.013496020417056945,
        -0.06782674695414112,
        -0.25912291457496395,
        -0.26729363347963103,
        -0.16341492981991798,
        -0.2385778547874771,
        -0.14675806161491156,
        -0.1291586524615526,
        0.019983828438940556,
        -0.1711596433855198,
        -0.1105528443376375,
        -0.1918928603698518,
        -0.10421716793812298,
        -0.17309197251256345,
        0.0740205592352368
      ],
      [
        -0.15552530026738134,
        0.07349682186075918,
        -0.16655776709400094,
        0.28040504835039093,
        0.9999999999976127,
        -0.13591298959674195,
        -0.14676773857954778,
        -0.0392361802555704,
        -0.011464999273027512,
        -0.12045634873340073,
        -0.14008897777574897,
        -0.009100101244220933,
        -0.10716147293203751,
        -0.10154631630651616,
        -0.17638359672253257,
        -0.07870492003444969,
        -0.11646039687440324,
        -0.2993724839497278,
        -0.14797610975650685,
        -0.17097737788762477,
        -0.0249635077654607,
        -0.010958744101238208,
        -0.10709355752710248,
        0.03289906391395945,
        -0.17847535085263536,
        -0.2044373933405777,
        -0.20662522173556655,
        -0.0898145188748015,
        -0.1957628405355323,
        -0.05265800906300996
      ],
      [
        -0.02271794283282534,
        -0.09434198019933263,
        0.09481434598756722,
        -0.13336984343141686,
        -0.13591298959674195,
        0.9999999999978332,
        0.052006240569788226,
        0.015034476695500888,
        -0.014652876158462504,
        0.07283496751041592,
        0.042995122593270645,
        0.05821931494242562,
        0.1787867289041796,
        0.060868408004300656,
        0.11338989202579923,
        0.040056008957287205,
        0.1126845871400236,
        0.12819555970394886,
        0.1353427012452589,
        0.1680316349846786,
        0.05839959208409992,
        -0.009120509665191628,
        -0.0467689867520353,
        -0.04980977588221419,
        0.11771174793654597,
        0.1628620027176648,
        0.1563131455015339,
        0.04878107587766986,
        0.11880048860762986,
        -0.0977253556158641
      ],
      [
        0.16037997616883554,
        -0.023092942842271667,
        0.09263534762682551,
        -0.03944454268026942,
        -0.14676773857954778,
        0.052006240569788226,
        0.9999999999975938,
        0.12925045295591361,
        0.1030170206872639,
        0.12244860023400367,
        0.33584858509116267,
        0.04936791159814358,
        0.28589196918170945,
        0.16588212156196713,
        0.2371822522050364,
        0.09571495719744672,
        0.08400288865232956,
        0.1446515825936936,
        0.006022621488712678,
        0.06919778960129566,
        -0.1564097028836557,
        -0.11847901138122428,
        0.05491141638729596,
        -0.26574912479454127,
        0.31530083054334074,
        0.09675381620858925,
        0.24715854747264993,
        0.13361390178809032,
        0.2907005342951626,
        -0.0936656208480406
      ],
      [
        0.19206849476874172,
        0.0619770293718339,
        0.15972888536722615,
        -0.04688181052892535,
        -0.0392361802555704,
        0.015034476695500888,
        0.12925045295591361,
        0.9999999999979912,
        0.09589711169467792,
        0.23711080348693933,
        0.15000333896717993,
        -0.0012077371798087182,
        0.2018694877300226,
        -0.021366228052302212,
        0.11213603940711649,
        -0.13895837892346233,
        0.03391490056389743,
        0.15992023874470562,
        0.03606249110034627,
        -0.02233615943465034,
        -0.03563679537325489,
        0.05126572327742394,
        0.058425083302441755,
        -0.16962600586791904,
        0.20509125394687996,
        0.1814463887419964,
        0.1855661060215753,
        0.08902996340943722,
        0.18762500593387094,
        0.011110216038292792
      ],
      [
        0.14141349248697535,
        0.22727683254008682,
        0.0849962018768346,
        0.01975325719655657,
        -0.011464999273027512,
        -0.014652876158462504,
        0.1030170206872639,
        0.09589711169467792,
        0.9999999999972828,
        0.011414675169833792,
        0.12779097757584548,
        0.1677522680472397,
        0.05319487680836953,
        0.02814341125351822,
        -0.05389237831867733,
        -0.026087373485617436,
        0.03663118548214146,
        0.043896788529768645,
        0.010286003332542924,
        -0.08919696177019133,
        -0.10272182684866238,
        -0.05391205545784731,
        -0.08519043245342695,
        -0.07547808538234647,
        0.11068089781952628,
        0.07641023835531875,
        0.07439108333111663,
        0.028894648530581504,
        0.13356443183945665,
        -0.05128174196144003
      ],
      [
        0.09949701364270618,
        0.005440211996036446,
        0.1102299690564897,
        -0.17937212148075243,
        -0.12045634873340073,
        0.07283496751041592,
        0.12244860023400367,
        0.23711080348693933,
        0.011414675169833792,
        0.999999999998029,
        0.22962310461217042,
        0.027882991338592886,
        0.20980301174008167,
        0.045209339610011695,
        0.18755434756075767,
        0.026475411552201726,
        0.025923029682280333,
        0.2025678263521013,
        0.1378431661920131,
        0.05625873244134167,
        0.01913416552001326,
        0.03691857925360934,
        0.034331691912502925,
        -0.17115238272970057,
        0.19780218081667472,
        0.2009521371130307,
        0.2542486214590336,
        0.022823116188666618,
        0.11868459189153614,
        0.028209553868698254
      ],
      [
        0.1966817894247663,
        0.04201127147388338,
        0.11129563858216864,
        -0.16512319475765946,
        -0.14008897777574897,
        0.042995122593270645,
        0.33584858509116267,
        0.15000333896717993,
        0.12779097757584548,
        0.22962310461217042,
        0.9999999999974138,
        0.022654149930797684,
        0.25673498803037414,
        0.14004501202268882,
        0.12482280110060665,
        0.14125939121076506,
        0.09552472237335487,
        0.08805923898071927,
        -0.08982637081852492,
        -0.057481172841729926,
        -0.1809138147343296,
        -0.19416226687633523,
        0.08429341173906076,
        -0.3038458494294173,
        0.17854122168688716,
        0.08009827836393583,
        0.17362002500009086,
        0.0793760329271511,
        0.1709928614548059,
        -0.018398759483990147
      ],
      [
        0.056465990109156615,
        0.22026107235798575,
        -0.009110410227051478,
        -0.0024636096954733498,
        -0.009100101244220933,
        0.05821931494242562,
        0.04936791159814358,
        -0.0012077371798087182,
        0.1677522680472397,
        0.027882991338592886,
        0.022654149930797684,
        0.9999999999979963,
        -0.06721537139698357,
        -0.12708625554200131,
        -0.07115494380214944,
        -0.11390590793879944,
        0.01598545951373223,
        0.02354187003256894,
        0.01059255331110998,
        -0.12975188765640672,
        -0.10879289085910492,
        0.01580572661239059,
        -0.1758783627814995,
        -0.1247276515334826,
        -0.026086890613984698,
        0.08796982708493913,
        0.08606192558886552,
        -0.15803695042411967,
        -0.06046234456219536,
        0.03417703729852163
      ],
      [
        0.2828793216467366,
        -0.03903913487920431,
        0.14619304694021648,
        -0.20015174144190603,
        -0.10716147293203751,
        0.1787867289041796,
        0.28589196918170945,
        0.2018694877300226,
        0.05319487680836953,
        0.20980301174008167,
        0.25673498803037414,
        -0.06721537139698357,
        0.9999999999975554,
        0.1937364895348305,
        0.2648728121023791,
        -0.07949005484516816,
        0.09177786640171758,
        0.23978105153903506,
        -0.05015624104837618,
        0.04454645900924408,
        -0.17006601463776166,
        -0.10127176610025648,
