{
  "Gemma": {
    "model": "Gemma",
    "extraction": "single-pcs",
    "common_layer": 23,
    "facet_names": [
      "A:Trust",
      "A:Moral",
      "A:Altru",
      "A:Cooper",
      "A:Modest",
      "A:Sympath",
      "C:Self-Eff",
      "C:Order",
      "C:Dutiful",
      "C:Achieve",
      "C:Discipl",
      "C:Caution",
      "E:Friend",
      "E:Gregar",
      "E:Assert",
      "E:Activity",
      "E:Excite",
      "E:Cheerf",
      "N:Anxiety",
      "N:Anger",
      "N:Depression",
      "N:Self-Cons",
      "N:Immoder",
      "N:Vulner",
      "O:Imagin",
      "O:Artist",
      "O:Emotion",
      "O:Advent",
      "O:Intell",
      "O:Liberal"
    ],
    "within_mean": 0.9848598085075876,
    "across_mean": 0.9819506810877228,
    "ratio": 1.0029626003381782,
    "nn_within_trait": 16,
    "n_facets": 30,
    "purity_5": 0.5,
    "cosine_matrix": [
      [
        0.9999999999999998,
        0.9793148455447768,
        0.9866701082905794,
        0.9794689364865792,
        0.9807033729079053,
        0.9851743670224363,
        0.9840987156451141,
        0.9812802762586468,
        0.9834665034811575,
        0.9834536584136677,
        0.9806920891375851,
        0.9805885088480326,
        0.9834581119957315,
        0.9814331965593686,
        0.9832026608197452,
        0.978534160205213,
        0.9817318104307716,
        0.9846137109799241,
        0.9790344633575254,
        0.9731338783813203,
        0.981394799611869,
        0.9827086651382017,
        0.9802667606096799,
        0.9776282859594417,
        0.9783659450727478,
        0.9851721853769986,
        0.9839623493909961,
        0.9784834189421392,
        0.9781532796451705,
        0.9692832026910194
      ],
      [
        0.9793148455447768,
        0.9999999999999998,
        0.981338009539589,
        0.9800354627364114,
        0.9803186701120672,
        0.9787659194732437,
        0.9829255879958253,
        0.9814818447207074,
        0.9896456581481317,
        0.9846846300893253,
        0.9828018524673071,
        0.9867431342989109,
        0.9785263932056982,
        0.979796941062844,
        0.9818245077968294,
        0.9802532242262118,
        0.9814189402919382,
        0.981394943754246,
        0.9763059698208347,
        0.9719261005404409,
        0.977001030363947,
        0.982264045148073,
        0.98088741335605,
        0.9767703400037359,
        0.9779126287286186,
        0.9781217132253351,
        0.9799399096242565,
        0.9774310867602906,
        0.9779690827184185,
        0.9575175867351158
      ],
      [
        0.9866701082905794,
        0.981338009539589,
        0.9999999999999997,
        0.9865376207620176,
        0.986021683789105,
        0.9890666999642829,
        0.9897154628684355,
        0.986763027904354,
        0.9864856509976254,
        0.9880814958778663,
        0.9870420140821086,
        0.9828484358544871,
        0.9895851808679289,
        0.9901900374739147,
        0.989917097475737,
        0.9877752108226728,
        0.9881553182794196,
        0.9888303490440613,
        0.9862407790640997,
        0.9804469776547577,
        0.9873023053667845,
        0.9896985554563571,
        0.9860697908370551,
        0.9853520322072671,
        0.9858091574978503,
        0.9865141400656937,
        0.9908391537049085,
        0.9861640987138995,
        0.9877401185061249,
        0.9607269087108291
      ],
      [
        0.9794689364865792,
        0.9800354627364114,
        0.9865376207620176,
        0.9999999999999997,
        0.9875121538272034,
        0.9829024313174094,
        0.9845650917936805,
        0.9825997940873148,
        0.982226678728839,
        0.9838503611496257,
        0.9836490552855152,
        0.9804975528717897,
        0.9853499823791708,
        0.9828950772967996,
        0.9845038888998748,
        0.9855525680103917,
        0.9864536728969895,
        0.9849685763473678,
        0.9834980805356167,
        0.9813700541208914,
        0.9843550191817481,
        0.9895689240519534,
        0.9835340987299502,
        0.9857932035825627,
        0.9809059898035639,
        0.9800315439100661,
        0.9840805052107473,
        0.9819876269358229,
        0.9819067632487978,
        0.9542256582125183
      ],
      [
        0.9807033729079053,
        0.9803186701120672,
        0.986021683789105,
        0.9875121538272034,
        0.9999999999999996,
        0.9851281619586653,
        0.9841869860508666,
        0.9830670763985105,
        0.9838870608705741,
        0.9857735146767085,
        0.9821995078227135,
        0.983243563837526,
        0.985830958375305,
        0.9854005001453503,
        0.9839903983297226,
        0.9840788143048698,
        0.9861558581465037,
        0.9860277637490003,
        0.9830767085459775,
        0.9786000603299948,
        0.9850893450155548,
        0.9889313333381693,
        0.9836171982257427,
        0.9831102588657344,
        0.9834326670002613,
        0.9823291087610526,
        0.9868876002475572,
        0.9812049347857441,
        0.9822492555701551,
        0.9574093028953217
      ],
      [
        0.9851743670224363,
        0.9787659194732437,
        0.9890666999642829,
        0.9829024313174094,
        0.9851281619586653,
        0.9999999999999994,
        0.9831720085396227,
        0.9818826908247131,
        0.9819214083278227,
        0.9847498331197129,
        0.9805316200972146,
        0.9809390778464773,
        0.9843703934204375,
        0.9843907256650564,
        0.98311449296198,
        0.9813207712607595,
        0.9838427213036522,
        0.9854331552396849,
        0.9851540609743776,
        0.9792247786046365,
        0.9871132997389582,
        0.9861436971356304,
        0.9822118682549604,
        0.98396567989644,
        0.9820281329837879,
        0.984703606528271,
        0.9891655133165607,
        0.980271010586694,
        0.9810410821699703,
        0.960399257090256
      ],
      [
        0.9840987156451141,
        0.9829255879958253,
        0.9897154628684355,
        0.9845650917936805,
        0.9841869860508666,
        0.9831720085396227,
        0.9999999999999997,
        0.9868473157398998,
        0.988490817022453,
        0.9918673515661571,
        0.9915144260194403,
        0.9849619713973121,
        0.9871635110865248,
        0.9868983798144536,
        0.9898065989655972,
        0.9900381239756799,
        0.9862629858969892,
        0.9874784223234037,
        0.982767232283347,
        0.9793453934400316,
        0.9836963944120382,
        0.9872982776334257,
        0.9873390767468173,
        0.9848192831587602,
        0.9840634165555046,
        0.983987130807092,
        0.9874863648021063,
        0.9836905536279864,
        0.987009856327862,
        0.9621641630147538
      ],
      [
        0.9812802762586468,
        0.9814818447207074,
        0.986763027904354,
        0.9825997940873148,
        0.9830670763985105,
        0.9818826908247131,
        0.9868473157398998,
        0.9999999999999993,
        0.9849765256124355,
        0.9874422636312434,
        0.9867725008222163,
        0.9840433644278075,
        0.9819277447597725,
        0.986498446755394,
        0.9859092415783898,
        0.9849774134363325,
        0.9871536646088825,
        0.9847942174096551,
        0.9808780543270673,
        0.9747846590663638,
        0.9822840415447834,
        0.9843036969136514,
        0.9852678007936753,
        0.9811592201680538,
        0.9850787935493421,
        0.9869113285010083,
        0.9857004486168535,
        0.9881432686601619,
        0.9857773389099382,
        0.9591998844510881
      ],
      [
        0.9834665034811575,
        0.9896456581481317,
        0.9864856509976254,
        0.982226678728839,
        0.9838870608705741,
        0.9819214083278227,
        0.988490817022453,
        0.9849765256124355,
        0.9999999999999996,
        0.9893083223117105,
        0.9892217838864843,
        0.9883597654778609,
        0.9836919805577445,
        0.9836248670139842,
        0.9870183589415483,
        0.9854223637560067,
        0.9840138722734018,
        0.9871062423283969,
        0.9805781236520645,
        0.9776864221642017,
        0.9816664394267267,
        0.9846597081059606,
        0.9853320514506095,
        0.9809220193487719,
        0.9827694728579741,
        0.981922205043304,
        0.9862235473463328,
        0.9806033956222656,
        0.9822452257505447,
        0.9575905954183895
      ],
      [
        0.9834536584136677,
        0.9846846300893253,
        0.9880814958778663,
        0.9838503611496257,
        0.9857735146767085,
        0.9847498331197129,
        0.9918673515661571,
        0.9874422636312434,
        0.9893083223117105,
        1.0000000000000002,
        0.9911713710105097,
        0.9886159683095674,
        0.986067090696843,
        0.9865150227922213,
        0.989077431246929,
        0.9885449342638369,
        0.9875147287154643,
        0.988555583362392,
        0.9826828693253767,
        0.9791601500088675,
        0.9835889560082004,
        0.9863695191784411,
        0.9876436490790462,
        0.9832880542119424,
        0.985112120933884,
        0.9835608244845152,
        0.9874867339716463,
        0.9833640593534172,
        0.9846529027899104,
        0.9602634092345423
      ],
      [
        0.9806920891375851,
        0.9828018524673071,
        0.9870420140821086,
        0.9836490552855152,
        0.9821995078227135,
        0.9805316200972146,
        0.9915144260194403,
        0.9867725008222163,
        0.9892217838864843,
        0.9911713710105097,
        0.9999999999999999,
        0.985387894262485,
        0.9850086788710741,
        0.9840857042158772,
        0.9870088896612509,
        0.9902260253539258,
        0.9849661123146564,
        0.9862657818798777,
        0.9830242117623652,
        0.9812871162741575,
        0.9830546041412735,
        0.9860620112079644,
        0.9874834901905684,
        0.9840256661737798,
        0.983611494397705,
        0.9801398010638531,
        0.9851214855252413,
        0.9826826331122468,
        0.9822438706078793,
        0.9577526270528859
      ],
      [
        0.9805885088480326,
        0.9867431342989109,
        0.9828484358544871,
        0.9804975528717897,
        0.983243563837526,
        0.9809390778464773,
        0.9849619713973121,
        0.9840433644278075,
        0.9883597654778609,
        0.9886159683095674,
        0.985387894262485,
        0.9999999999999998,
        0.9813070248657842,
        0.9808833904178004,
        0.9842298915328609,
        0.9817024519611967,
        0.9825699263978342,
        0.9840633645080665,
        0.9792203980534534,
        0.9744153875257899,
        0.9787212143529164,
        0.9847433575203687,
        0.9827833126758476,
        0.978651162233383,
        0.9815278581590517,
        0.9805246351732625,
        0.9834643650539261,
        0.9799834847632883,
        0.9792346724442551,
        0.9570897585831489
      ],
      [
        0.9834581119957315,
        0.9785263932056982,
        0.9895851808679289,
        0.9853499823791708,
        0.985830958375305,
        0.9843703934204375,
        0.9871635110865248,
        0.9819277447597725,
        0.9836919805577445,
        0.986067090696843,
        0.9850086788710741,
        0.9813070248657842,
        1.0,
        0.9878714634712286,
        0.9870901314557561,
        0.9850025938641744,
        0.9865272863405193,
        0.9889109138501413,
        0.9818924422313335,
        0.9816958706762114,
        0.9835211645682961,
        0.988259284854712,
        0.9827887556345004,
        0.9835117029728451,
        0.9820486398135199,
        0.9813620020172207,
        0.9863831871087453,
        0.9808790911860072,
        0.9815158666487247,
        0.9528103865589684
      ],
      [
        0.9814331965593686,
        0.979796941062844,
        0.9901900374739147,
        0.9828950772967996,
        0.9854005001453503,
        0.9843907256650564,
        0.9868983798144536,
        0.986498446755394,
        0.9836248670139842,
        0.9865150227922213,
        0.9840857042158772,
        0.9808833904178004,
        0.9878714634712286,
        1.0,
        0.986940695895497,
        0.986629087020685,
        0.9903952610892447,
        0.9876727079622878,
        0.9807969571993438,
        0.9754263868015315,
        0.9819359634805337,
        0.98579221157906,
        0.9860814149610183,
        0.9818284350110714,
        0.9872763276116412,
        0.9868430942837257,
        0.9873185100693861,
        0.9887213581804695,
        0.9881516902993884,
        0.957229811642018
      ],
      [
        0.9832026608197452,
        0.9818245077968294,
        0.989917097475737,
        0.9845038888998748,
        0.9839903983297226,
        0.98311449296198,
        0.9898065989655972,
        0.9859092415783898,
        0.9870183589415483,
        0.989077431246929,
        0.9870088896612509,
        0.9842298915328609,
        0.9870901314557561,
        0.986940695895497,
        0.9999999999999998,
        0.9860622390535235,
        0.9875035804678379,
        0.9863602290176758,
        0.9807314814886994,
        0.9776732502434917,
        0.9818793763767616,
        0.9866205176124773,
        0.9853464221715824,
        0.9830473148629443,
        0.9829546817462975,
        0.9818518929621973,
        0.9876217229157481,
        0.9835855816870906,
        0.984192725781025,
        0.9575729617209574
      ],
      [
        0.978534160205213,
        0.9802532242262118,
        0.9877752108226728,
        0.9855525680103917,
        0.9840788143048698,
        0.9813207712607595,
        0.9900381239756799,
        0.9849774134363325,
        0.9854223637560067,
        0.9885449342638369,
        0.9902260253539258,
        0.9817024519611967,
        0.9850025938641744,
        0.986629087020685,
        0.9860622390535235,
        1.0,
        0.9872659934570189,
        0.9864937252369111,
        0.9837806375088489,
        0.9824383303874039,
        0.9852523283058515,
        0.9874995741969674,
        0.9884552503571178,
        0.9864518595729699,
        0.9847766229554438,
        0.9811687597063121,
        0.9870491273159745,
        0.985483875616081,
        0.985550885670117,
        0.956255127076972
      ],
      [
        0.9817318104307716,
        0.9814189402919382,
        0.9881553182794196,
        0.9864536728969895,
        0.9861558581465037,
        0.9838427213036522,
        0.9862629858969892,
        0.9871536646088825,
        0.9840138722734018,
        0.9875147287154643,
        0.9849661123146564,
        0.9825699263978342,
        0.9865272863405193,
        0.9903952610892447,
        0.9875035804678379,
        0.9872659934570189,
        0.9999999999999994,
        0.9885222450680967,
        0.9817607609243776,
        0.9782088674601238,
        0.9839884506930352,
        0.9867989731076642,
        0.9864711307527796,
        0.9821822471462326,
        0.9880377258591911,
        0.9860244540539718,
        0.9874871296874903,
        0.9893180400415742,
        0.9875633565501306,
        0.9576311202512964
      ],
      [
        0.9846137109799241,
        0.981394943754246,
        0.9888303490440613,
        0.9849685763473678,
        0.9860277637490003,
        0.9854331552396849,
        0.9874784223234037,
        0.9847942174096551,
        0.9871062423283969,
        0.988555583362392,
        0.9862657818798777,
        0.9840633645080665,
        0.9889109138501413,
        0.9876727079622878,
        0.9863602290176758,
        0.9864937252369111,
        0.9885222450680967,
        1.0,
        0.9838943044652548,
        0.9814567668564513,
        0.9865009831456103,
        0.9866173104431112,
        0.9861562669972139,
        0.9835142533521429,
        0.9879946179882557,
        0.9865608179709081,
        0.9880310628521094,
        0.9835498223335672,
        0.984834854942071,
        0.9580736833206989
      ],
      [
        0.9790344633575254,
        0.9763059698208347,
        0.9862407790640997,
        0.9834980805356167,
        0.9830767085459775,
        0.9851540609743776,
        0.982767232283347,
        0.9808780543270673,
        0.9805781236520645,
        0.9826828693253767,
        0.9830242117623652,
        0.9792203980534534,
        0.9818924422313335,
        0.9807969571993438,
        0.9807314814886994,
        0.9837806375088489,
        0.9817607609243776,
        0.9838943044652548,
        0.9999999999999998,
        0.9871068833155965,
        0.9886987460933309,
        0.9921828469718001,
        0.9854301346888148,
        0.9925224548964034,
        0.9839216688859349,
        0.9797371630813726,
        0.9870038123304703,
        0.9800778610593149,
        0.9807553567664536,
        0.9541839379306639
      ],
      [
        0.9731338783813203,
        0.9719261005404409,
        0.9804469776547577,
        0.9813700541208914,
        0.9786000603299948,
        0.9792247786046365,
        0.9793453934400316,
        0.9747846590663638,
        0.9776864221642017,
        0.9791601500088675,
        0.9812871162741575,
        0.9744153875257899,
        0.9816958706762114,
        0.9754263868015315,
        0.9776732502434917,
        0.9824383303874039,
        0.9782088674601238,
        0.9814567668564513,
        0.9871068833155965,
        0.9999999999999998,
        0.9873886767084123,
        0.9856684100917757,
        0.9821528033039675,
        0.9886734976542004,
        0.9775177052077938,
        0.9723656085980248,
        0.9829027591812881,
        0.9724346561613282,
        0.9738546285490273,
        0.9470949473885424
      ],
      [
        0.981394799611869,
        0.977001030363947,
        0.9873023053667845,
        0.9843550191817481,
        0.9850893450155548,
        0.9871132997389582,
        0.9836963944120382,
        0.9822840415447834,
        0.9816664394267267,
        0.9835889560082004,
        0.9830546041412735,
        0.9787212143529164,
        0.9835211645682961,
        0.9819359634805337,
        0.9818793763767616,
        0.9852523283058515,
        0.9839884506930352,
        0.9865009831456103,
        0.9886987460933309,
        0.9873886767084123,
        0.9999999999999997,
        0.9888885876470153,
        0.9867885035662789,
        0.9893657794760898,
        0.9840575126310925,
        0.9810430462933116,
        0.9900554338087593,
        0.9807445339450748,
        0.9809244943161401,
        0.958310436516292
      ],
      [
        0.9827086651382017,
        0.982264045148073,
        0.9896985554563571,
        0.9895689240519534,
        0.9889313333381693,
        0.9861436971356304,
        0.9872982776334257,
        0.9843036969136514,
        0.9846597081059606,
        0.9863695191784411,
        0.9860620112079644,
        0.9847433575203687,
        0.988259284854712,
        0.98579221157906,
        0.9866205176124773,
        0.9874995741969674,
        0.9867989731076642,
        0.9866173104431112,
        0.9921828469718001,
        0.9856684100917757,
        0.9888885876470153,
        0.9999999999999998,
        0.9882996312375797,
        0.9921567596330032,
        0.98469786924079,
        0.9827134114777941,
        0.9893698119505799,
        0.9842414392991172,
        0.9836425587589648,
        0.9599531047515132
      ],
      [
        0.9802667606096799,
        0.98088741335605,
        0.9860697908370551,
        0.9835340987299502,
        0.9836171982257427,
        0.9822118682549604,
        0.9873390767468173,
        0.9852678007936753,
        0.9853320514506095,
        0.9876436490790462,
        0.9874834901905684,
        0.9827833126758476,
        0.9827887556345004,
        0.9860814149610183,
        0.9853464221715824,
        0.9884552503571178,
        0.9864711307527796,
        0.9861562669972139,
        0.9854301346888148,
        0.9821528033039675,
        0.9867885035662789,
        0.9882996312375797,
        0.9999999999999998,
        0.9868025854501347,
        0.9871732098909421,
        0.9834564806628892,
        0.9882480802681416,
        0.9854163422070312,
        0.9847401946016369,
        0.9576106854953955
      ],
      [
        0.9776282859594417,
        0.9767703400037359,
        0.9853520322072671,
        0.9857932035825627,
        0.9831102588657344,
        0.98396567989644,
        0.9848192831587602,
        0.9811592201680538,
        0.9809220193487719,
        0.9832880542119424,
        0.9840256661737798,
        0.978651162233383,
        0.9835117029728451,
        0.9818284350110714,
        0.9830473148629443,
        0.9864518595729699,
        0.9821822471462326,
        0.9835142533521429,
        0.9925224548964034,
        0.9886734976542004,
        0.9893657794760898,
        0.9921567596330032,
        0.9868025854501347,
        0.9999999999999997,
        0.9830403505565131,
        0.9787303934335253,
        0.988471223062183,
        0.9802608005209148,
        0.9820769415754177,
        0.9564747158661965
      ],
      [
        0.9783659450727478,
        0.9779126287286186,
        0.9858091574978503,
        0.9809059898035639,
        0.9834326670002613,
        0.9820281329837879,
        0.9840634165555046,
        0.9850787935493421,
        0.9827694728579741,
        0.985112120933884,
        0.983611494397705,
        0.9815278581590517,
        0.9820486398135199,
        0.9872763276116412,
        0.9829546817462975,
        0.9847766229554438,
        0.9880377258591911,
        0.9879946179882557,
        0.9839216688859349,
        0.9775177052077938,
        0.9840575126310925,
        0.98469786924079,
        0.9871732098909421,
        0.9830403505565131,
        0.9999999999999997,
        0.9859408810142822,
        0.9885377618748438,
        0.9874141668997566,
        0.989829289742652,
        0.9550664581816587
      ],
      [
        0.9851721853769986,
        0.9781217132253351,
        0.9865141400656937,
        0.9800315439100661,
        0.9823291087610526,
        0.984703606528271,
        0.983987130807092,
        0.9869113285010083,
        0.981922205043304,
        0.9835608244845152,
        0.9801398010638531,
        0.9805246351732625,
        0.9813620020172207,
        0.9868430942837257,
        0.9818518929621973,
        0.9811687597063121,
        0.9860244540539718,
        0.9865608179709081,
        0.9797371630813726,
        0.9723656085980248,
        0.9810430462933116,
        0.9827134114777941,
        0.9834564806628892,
        0.9787303934335253,
        0.9859408810142822,
        0.9999999999999999,
        0.9863509199604293,
        0.9873968871588109,
        0.9865324669790498,
        0.963082475420464
      ],
      [
        0.9839623493909961,
        0.9799399096242565,
        0.9908391537049085,
        0.9840805052107473,
        0.9868876002475572,
        0.9891655133165607,
        0.9874863648021063,
        0.9857004486168535,
        0.9862235473463328,
        0.9874867339716463,
        0.9851214855252413,
        0.9834643650539261,
        0.9863831871087453,
        0.9873185100693861,
        0.9876217229157481,
        0.9870491273159745,
        0.9874871296874903,
        0.9880310628521094,
        0.9870038123304703,
        0.9829027591812881,
        0.9900554338087593,
        0.9893698119505799,
        0.9882480802681416,
        0.988471223062183,
        0.9885377618748438,
        0.9863509199604293,
        0.9999999999999998,
        0.9861866714894307,
        0.9872113787680674,
        0.9599494129882802
      ],
      [
        0.9784834189421392,
        0.9774310867602906,
        0.9861640987138995,
        0.9819876269358229,
        0.9812049347857441,
        0.980271010586694,
        0.9836905536279864,
        0.9881432686601619,
        0.9806033956222656,
        0.9833640593534172,
        0.9826826331122468,
        0.9799834847632883,
        0.9808790911860072,
        0.9887213581804695,
        0.9835855816870906,
        0.985483875616081,
        0.9893180400415742,
        0.9835498223335672,
        0.9800778610593149,
        0.9724346561613282,
        0.9807445339450748,
        0.9842414392991172,
        0.9854163422070312,
        0.9802608005209148,
        0.9874141668997566,
        0.9873968871588109,
        0.9861866714894307,
        0.9999999999999997,
        0.9894486079634882,
        0.955708676399446
      ],
      [
        0.9781532796451705,
        0.9779690827184185,
        0.9877401185061249,
        0.9819067632487978,
        0.9822492555701551,
        0.9810410821699703,
        0.987009856327862,
        0.9857773389099382,
        0.9822452257505447,
        0.9846529027899104,
        0.9822438706078793,
        0.9792346724442551,
        0.9815158666487247,
        0.9881516902993884,
        0.984192725781025,
        0.985550885670117,
        0.9875633565501306,
        0.984834854942071,
        0.9807553567664536,
        0.9738546285490273,
        0.9809244943161401,
        0.9836425587589648,
        0.9847401946016369,
        0.9820769415754177,
        0.989829289742652,
        0.9865324669790498,
        0.9872113787680674,
        0.9894486079634882,
        0.9999999999999997,
        0.9565150440135559
      ],
      [
        0.9692832026910194,
        0.9575175867351158,
        0.9607269087108291,
        0.9542256582125183,
        0.9574093028953217,
        0.960399257090256,
        0.9621641630147538,
        0.9591998844510881,
        0.9575905954183895,
        0.9602634092345423,
        0.9577526270528859,
        0.9570897585831489,
        0.9528103865589684,
        0.957229811642018,
        0.9575729617209574,
        0.956255127076972,
        0.9576311202512964,
        0.9580736833206989,
        0.9541839379306639,
        0.9470949473885424,
        0.958310436516292,
        0.9599531047515132,
        0.9576106854953955,
        0.9564747158661965,
        0.9550664581816587,
        0.963082475420464,
        0.9599494129882802,
        0.955708676399446,
        0.9565150440135559,
        1.0
      ]
    ]
  },
  "Llama": {
    "model": "Llama",
    "extraction": "single-pcs",
    "common_layer": 19,
    "facet_names": [
      "A:Trust",
      "A:Moral",
      "A:Altru",
      "A:Cooper",
      "A:Modest",
      "A:Sympath",
      "C:Self-Eff",
      "C:Order",
      "C:Dutiful",
      "C:Achieve",
      "C:Discipl",
      "C:Caution",
      "E:Friend",
      "E:Gregar",
      "E:Assert",
      "E:Activity",
      "E:Excite",
      "E:Cheerf",
      "N:Anxiety",
      "N:Anger",
      "N:Depression",
      "N:Self-Cons",
      "N:Immoder",
      "N:Vulner",
      "O:Imagin",
      "O:Artist",
      "O:Emotion",
      "O:Advent",
      "O:Intell",
      "O:Liberal"
    ],
    "within_mean": 0.9948410432460916,
    "across_mean": 0.9941727397944516,
    "ratio": 1.0006722206563199,
    "nn_within_trait": 16,
    "n_facets": 30,
    "purity_5": 0.3333333333333333,
    "cosine_matrix": [
      [
        0.9999999999997952,
        0.9935712745464896,
        0.9964563533298506,
        0.9933041381499339,
        0.9935759158284825,
        0.9943293244103946,
        0.9954954819091953,
        0.9942150868258729,
        0.9952896488682286,
        0.9948052918887197,
        0.9944775831601655,
        0.9930524699729318,
        0.9947996482371171,
        0.9943520026122823,
        0.9953041376997748,
        0.9940107861510588,
        0.9949144972514858,
        0.9951678916930647,
        0.994167946226488,
        0.9927362181822281,
        0.9947195199931054,
        0.9945668513582792,
        0.9936785426052056,
        0.9932547364803824,
        0.9935642608246865,
        0.9949809859910085,
        0.994852239095698,
        0.9937747648775809,
        0.9939620014903512,
        0.9871064212138326
      ],
      [
        0.9935712745464896,
        0.9999999999997957,
        0.9942790551221847,
        0.9935829887124861,
        0.9934937014778108,
        0.9923022385751828,
        0.9947933455926812,
        0.9937985762175925,
        0.9963501603154404,
        0.994534984826344,
        0.9943510749134148,
        0.994725579533303,
        0.9934329782451484,
        0.9935247357279099,
        0.9943884482213083,
        0.9937295484183604,
        0.9947514670030202,
        0.994230511508522,
        0.9931445715103279,
        0.9922968689760232,
        0.9936036162924966,
        0.9941645101254365,
        0.9935183789117112,
        0.9922747460682161,
        0.993326153948777,
        0.9927830133110641,
        0.9932800908683987,
        0.9933954341231412,
        0.9934865601976585,
        0.9826440534783955
      ],
      [
        0.9964563533298506,
        0.9942790551221847,
        0.9999999999997953,
        0.9952035859751677,
        0.9951892644093796,
        0.9957569897694871,
        0.9970023102384648,
        0.9956389230799898,
        0.9963811852126381,
        0.996260679644377,
        0.996484329518577,
        0.9943866915323499,
        0.9966223118120037,
        0.9965319804606987,
        0.9970101311644569,
        0.996214199737457,
        0.9965903308838447,
        0.9969233989615873,
        0.9962485300130979,
        0.9948356823254562,
        0.9964776818238886,
        0.9964646000759881,
        0.9954204236305471,
        0.9952066244985364,
        0.9958631697421946,
        0.9956112417160166,
        0.9968407812633959,
        0.9960849258388987,
        0.9964775700558663,
        0.9838326321259203
      ],
      [
        0.9933041381499339,
        0.9935829887124861,
        0.9952035859751677,
        0.9999999999997927,
        0.9952925407441128,
        0.9932532068304917,
        0.9950306306728329,
        0.993875784143748,
        0.9942721832127698,
        0.9939873715348349,
        0.9943241779930684,
        0.9928960104924243,
        0.9947564344467005,
        0.9941794337198292,
        0.9947622224096024,
        0.9945784816362723,
        0.9957047058481584,
        0.9948240599138737,
        0.9946840031174936,
        0.9945511996696754,
        0.9949680223660207,
        0.9962038867199063,
        0.9940663928178368,
        0.9949712938668729,
        0.9938966133137637,
        0.9930646557824148,
        0.9942424269556436,
        0.9945718847728622,
        0.9948398232787286,
        0.9819690343963859
      ],
      [
        0.9935759158284825,
        0.9934937014778108,
        0.9951892644093796,
        0.9952925407441128,
        0.9999999999997958,
        0.9935198350264008,
        0.9948817353876405,
        0.9942110297710719,
        0.9947906126551699,
        0.9946109965054436,
        0.994330521939378,
        0.9932419266856213,
        0.994868984999563,
        0.9948050341504635,
        0.9948028698282515,
        0.9944944795266455,
        0.9955548776398969,
        0.9950553965199335,
        0.9943486991893982,
        0.9937576124774126,
        0.9955989640485249,
        0.9956875396230527,
        0.9943132852668939,
        0.9940191173126162,
        0.9945009607476383,
        0.993733817264277,
        0.9951874315737621,
        0.9946851577630614,
        0.9946733190492496,
        0.9826766503118677
      ],
      [
        0.9943293244103946,
        0.9923022385751828,
        0.9957569897694871,
        0.9932532068304917,
        0.9935198350264008,
        0.9999999999997973,
        0.9939125228259507,
        0.9927529745058237,
        0.9935737975542437,
        0.9938093403417391,
        0.9933443072071523,
        0.9921846695455657,
        0.9940371924471029,
        0.9934554194071928,
        0.9938537341208014,
        0.993238382320855,
        0.9941975605753768,
        0.9941792179477468,
        0.994676229325721,
        0.99336772494424,
        0.995259470909552,
        0.9942683395498622,
        0.9928550764821747,
        0.9940187143594672,
        0.9934267674153147,
        0.9937003345556406,
        0.9955248570198897,
        0.9931233380208274,
        0.9933637371647702,
        0.9825878768040834
      ],
      [
        0.9954954819091953,
        0.9947933455926812,
        0.9970023102384648,
        0.9950306306728329,
        0.9948817353876405,
        0.9939125228259507,
        0.9999999999997946,
        0.9959327042842776,
        0.9967728465166585,
        0.9974662818810522,
        0.997997632410797,
        0.9950555256796274,
        0.9965583028045455,
        0.9962674256153061,
        0.9970589603360661,
        0.9971982880021121,
        0.9965943681504108,
        0.9967808199645627,
        0.9955639221725398,
        0.994735612254664,
        0.9958056374609624,
        0.996054505839131,
        0.9961139187006375,
        0.9952854436062137,
        0.9957735026346014,
        0.9947785147799036,
        0.9961144280370955,
        0.9958514104945468,
        0.996568122461709,
        0.9833338245715488
      ],
      [
        0.9942150868258729,
        0.9937985762175925,
        0.9956389230799898,
        0.993875784143748,
        0.9942110297710719,
        0.9927529745058237,
        0.9959327042842776,
        0.9999999999997952,
        0.9954445483325736,
        0.9956867034239926,
        0.9957231409989489,
        0.9938207625153606,
        0.9948605607822145,
        0.9952475925814712,
        0.9952526865002052,
        0.9953534766528961,
        0.9958542592919668,
        0.9954551519599533,
        0.9941675979136342,
        0.9933377589825553,
        0.9948074088706121,
        0.9946279913981296,
        0.9947960031142246,
        0.9938487370298378,
        0.9949032953981942,
        0.9949580325289589,
        0.9948151784590032,
        0.9961697975758828,
        0.9954034200076127,
        0.982900328828191
      ],
      [
        0.9952896488682286,
        0.9963501603154404,
        0.9963811852126381,
        0.9942721832127698,
        0.9947906126551699,
        0.9935737975542437,
        0.9967728465166585,
        0.9954445483325736,
        0.9999999999997957,
        0.9963409788532311,
        0.9967902258487947,
        0.9956110018982685,
        0.9955219087545641,
        0.9958436360555176,
        0.9965143562099966,
        0.9959784902540927,
        0.9961017000893643,
        0.9963622695647507,
        0.9947880282049327,
        0.9943781452032455,
        0.9952802446155632,
        0.9952316821198766,
        0.9954104299456713,
        0.9941834887407522,
        0.9954597025574073,
        0.994342850965497,
        0.9960677836006867,
        0.9950750219622443,
        0.995485843847835,
        0.9826649755793447
      ],
      [
        0.9948052918887197,
        0.994534984826344,
        0.996260679644377,
        0.9939873715348349,
        0.9946109965054436,
        0.9938093403417391,
        0.9974662818810522,
        0.9956867034239926,
        0.9963409788532311,
        0.9999999999997956,
        0.9974326581812525,
        0.9951173015887292,
        0.9957362398166256,
        0.9957041663497955,
        0.9967176933022994,
        0.9964432912480592,
        0.996437666130877,
        0.9963702619201105,
        0.9949134954018558,
        0.9941094573547915,
        0.9954429927070019,
        0.9952319362169869,
        0.9957216215003735,
        0.9944205941789924,
        0.9955360648222377,
        0.9942756552911115,
        0.9958715826948279,
        0.9952989209731511,
        0.9954508163818091,
        0.9826539979411872
      ],
      [
        0.9944775831601655,
        0.9943510749134148,
        0.996484329518577,
        0.9943241779930684,
        0.994330521939378,
        0.9933443072071523,
        0.997997632410797,
        0.9957231409989489,
        0.9967902258487947,
        0.9974326581812525,
        0.9999999999997969,
        0.9946736061439818,
        0.9961000784360602,
        0.9958189408390292,
        0.9968447600523822,
        0.9972173213546747,
        0.9963780065315265,
        0.9965148548308176,
        0.9954448496684042,
        0.9951413178116965,
        0.995679198380423,
        0.9957363258785386,
        0.9958738597750709,
        0.9951181884145702,
        0.9955401775057804,
        0.9939823072907799,
        0.9959127750737051,
        0.9956954602820631,
        0.9955775133562569,
        0.9823812763305073
      ],
      [
        0.9930524699729318,
        0.994725579533303,
        0.9943866915323499,
        0.9928960104924243,
        0.9932419266856213,
        0.9921846695455657,
        0.9950555256796274,
        0.9938207625153606,
        0.9956110018982685,
        0.9951173015887292,
        0.9946736061439818,
        0.9999999999997964,
        0.9938569937156115,
        0.9935027558163033,
        0.994640781438448,
        0.9937357774410492,
        0.9944652721821244,
        0.9945023839951873,
        0.9933133534175012,
        0.9925885469134387,
        0.9934829294901512,
        0.9945666964308432,
        0.9934935848784846,
        0.9924930643890365,
        0.9935602579627264,
        0.9925267675302054,
        0.994136852289174,
        0.9936758566527126,
        0.9935375290366837,
        0.9812457870621881
      ],
      [
        0.9947996482371171,
        0.9934329782451484,
        0.9966223118120037,
        0.9947564344467005,
        0.994868984999563,
        0.9940371924471029,
        0.9965583028045455,
        0.9948605607822145,
        0.9955219087545641,
        0.9957362398166256,
        0.9961000784360602,
        0.9938569937156115,
        0.9999999999997966,
        0.9960937003262741,
        0.9964942541575467,
        0.9956451358985037,
        0.9964410326117261,
        0.996429663560476,
        0.9948284338930535,
        0.9951027414847786,
        0.9954926487210443,
        0.996138477688843,
        0.9945466214447426,
        0.9948769844591124,
        0.9949119025782966,
        0.9941629671190968,
        0.9960365919037301,
        0.995202723149802,
        0.9954090504574118,
        0.980679873931431
      ],
      [
        0.9943520026122823,
        0.9935247357279099,
        0.9965319804606987,
        0.9941794337198292,
        0.9948050341504635,
        0.9934554194071928,
        0.9962674256153061,
        0.9952475925814712,
        0.9958436360555176,
        0.9957041663497955,
        0.9958189408390292,
        0.9935027558163033,
        0.9960937003262741,
        0.9999999999997977,
        0.9961387873625401,
        0.9961784793450181,
        0.996687697259483,
        0.9962568704094333,
        0.994851732572082,
        0.9939838162286643,
        0.9950466055591392,
        0.9951530991585068,
        0.9957254297773462,
        0.9943606772423961,
        0.9957384297237123,
        0.9949136142081768,
        0.9958448029705697,
        0.9964303559564487,
        0.9964603456265828,
        0.981666071668038
      ],
      [
        0.9953041376997748,
        0.9943884482213083,
        0.9970101311644569,
        0.9947622224096024,
        0.9948028698282515,
        0.9938537341208014,
        0.9970589603360661,
        0.9952526865002052,
        0.9965143562099966,
        0.9967176933022994,
        0.9968447600523822,
        0.994640781438448,
        0.9964942541575467,
        0.9961387873625401,
        0.9999999999997966,
        0.9962140860459426,
        0.9968384947882836,
        0.9963308308954544,
        0.9950247341547568,
        0.9943753711098113,
        0.9952853339972866,
        0.9958910685689565,
        0.9954025566548949,
        0.9948024199785215,
        0.995318414743646,
        0.9942585034861586,
        0.9962432740113292,
