{
  "Gemma": {
    "model": "Gemma",
    "extraction": "single-neutral",
    "common_layer": 23,
    "facet_names": [
      "A:Trust",
      "A:Moral",
      "A:Altru",
      "A:Cooper",
      "A:Modest",
      "A:Sympath",
      "C:Self-Eff",
      "C:Order",
      "C:Dutiful",
      "C:Achieve",
      "C:Discipl",
      "C:Caution",
      "E:Friend",
      "E:Gregar",
      "E:Assert",
      "E:Activity",
      "E:Excite",
      "E:Cheerf",
      "N:Anxiety",
      "N:Anger",
      "N:Depression",
      "N:Self-Cons",
      "N:Immoder",
      "N:Vulner",
      "O:Imagin",
      "O:Artist",
      "O:Emotion",
      "O:Advent",
      "O:Intell",
      "O:Liberal"
    ],
    "within_mean": 0.9869754910469055,
    "across_mean": 0.9853054285049438,
    "ratio": 1.001694917678833,
    "nn_within_trait": 17,
    "n_facets": 30,
    "purity_5": 0.36666666666666664,
    "cosine_matrix": [
      [
        0.9999995231628418,
        0.9859976172447205,
        0.9921538233757019,
        0.9858036041259766,
        0.9869188070297241,
        0.9900014400482178,
        0.9908503890037537,
        0.9893476366996765,
        0.9909908771514893,
        0.9900412559509277,
        0.9887747168540955,
        0.9899235367774963,
        0.9908609390258789,
        0.988130509853363,
        0.9906988739967346,
        0.9871376156806946,
        0.9896621108055115,
        0.9916566610336304,
        0.9882294535636902,
        0.9868205785751343,
        0.9899200797080994,
        0.9880839586257935,
        0.9851970076560974,
        0.9857892990112305,
        0.9878808856010437,
        0.9912616014480591,
        0.9908086657524109,
        0.9869912266731262,
        0.9875748157501221,
        0.9327919483184814
      ],
      [
        0.9859976172447205,
        1.0,
        0.9867241978645325,
        0.9846843481063843,
        0.9850467443466187,
        0.9838356375694275,
        0.9880173802375793,
        0.9874572157859802,
        0.9925532937049866,
        0.9889211654663086,
        0.9878997802734375,
        0.9913970232009888,
        0.9860332012176514,
        0.9847866296768188,
        0.987821102142334,
        0.98606938123703,
        0.9873006343841553,
        0.9877469539642334,
        0.9845495820045471,
        0.9839224815368652,
        0.9852167963981628,
        0.9861863255500793,
        0.9841449856758118,
        0.9831979274749756,
        0.985284149646759,
        0.9850183129310608,
        0.9862903356552124,
        0.9841782450675964,
        0.985075831413269,
        0.9186074733734131
      ],
      [
        0.9921538233757019,
        0.9867241978645325,
        1.0,
        0.9898098707199097,
        0.9899131655693054,
        0.9920228123664856,
        0.9942038059234619,
        0.9926419854164124,
        0.9931577444076538,
        0.9926799535751343,
        0.9924926161766052,
        0.9917813539505005,
        0.9945846796035767,
        0.9933661222457886,
        0.9947217106819153,
        0.9925550818443298,
        0.9935255646705627,
        0.9945220351219177,
        0.9925646781921387,
        0.991260290145874,
        0.993596613407135,
        0.9921165108680725,
        0.988237738609314,
        0.9903298020362854,
        0.9923099875450134,
        0.9921494722366333,
        0.9949438571929932,
        0.9915130138397217,
        0.9931833148002625,
        0.9183830618858337
      ],
      [
        0.9858036041259766,
        0.9846843481063843,
        0.9898098707199097,
        1.0,
        0.9899262189865112,
        0.9864368438720703,
        0.9887873530387878,
        0.9878551959991455,
        0.987785279750824,
        0.9880819320678711,
        0.9883223176002502,
        0.9874277710914612,
        0.9897996187210083,
        0.9866587519645691,
        0.9891154170036316,
        0.9895285964012146,
        0.9900319576263428,
        0.989362895488739,
        0.9885060787200928,
        0.9886211156845093,
        0.9889978766441345,
        0.9915503263473511,
        0.986331045627594,
        0.9894102811813354,
        0.9867113828659058,
        0.9857321977615356,
        0.9883459806442261,
        0.9869855046272278,
        0.9872129559516907,
        0.9146909713745117
      ],
      [
        0.9869188070297241,
        0.9850467443466187,
        0.9899131655693054,
        0.9899262189865112,
        1.0000003576278687,
        0.9887967705726624,
        0.9888114333152771,
        0.9884998798370361,
        0.9893767833709717,
        0.9896138310432434,
        0.9873542189598083,
        0.9895862340927124,
        0.9906564950942993,
        0.9890521764755249,
        0.989189863204956,
        0.9885124564170837,
        0.9903975129127502,
        0.990440309047699,
        0.9890749454498291,
        0.9879175424575806,
        0.9902086853981018,
        0.9913803339004517,
        0.9860185384750366,
        0.9877178072929382,
        0.9888671636581421,
        0.9880233407020569,
        0.9909054040908813,
        0.9867754578590393,
        0.9878703951835632,
        0.9173935055732727
      ],
      [
        0.9900014400482178,
        0.9838356375694275,
        0.9920228123664856,
        0.9864368438720703,
        0.9887967705726624,
        0.9999997019767761,
        0.9882956743240356,
        0.9878785610198975,
        0.9884341359138489,
        0.988961398601532,
        0.9863921403884888,
        0.9885143637657166,
        0.9899364709854126,
        0.9882364273071289,
        0.9888476729393005,
        0.9867209792137146,
        0.9890974164009094,
        0.9903755187988281,
        0.9905161261558533,
        0.9885210990905762,
        0.9915955662727356,
        0.9891242384910583,
        0.9847256541252136,
        0.9883521199226379,
        0.9881385564804077,
        0.9896700382232666,
        0.9924678206443787,
        0.9861864447593689,
        0.9872280359268188,
        0.9204012155532837
      ],
      [
        0.9908503890037537,
        0.9880173802375793,
        0.9942038059234619,
        0.9887873530387878,
        0.9888114333152771,
        0.9882956743240356,
        1.0,
        0.9929226040840149,
        0.9943710565567017,
        0.9951776266098022,
        0.9953098297119141,
        0.9930247068405151,
        0.9934271574020386,
        0.9914746284484863,
        0.9948614835739136,
        0.9941447973251343,
        0.992743730545044,
        0.9941290616989136,
        0.9908015727996826,
        0.9908796548843384,
        0.9919756054878235,
        0.990619421005249,
        0.9894142746925354,
        0.9902118444442749,
        0.9916298389434814,
        0.9908730983734131,
        0.9932727217674255,
        0.9903056621551514,
        0.99303138256073,
        0.9205130934715271
      ],
      [
        0.9893476366996765,
        0.9874572157859802,
        0.9926419854164124,
        0.9878551959991455,
        0.9884998798370361,
        0.9878785610198975,
        0.9929226040840149,
        1.0000001192092896,
        0.9924811124801636,
        0.9927582144737244,
        0.9927180409431458,
        0.9923725724220276,
        0.9906505942344666,
        0.9915941953659058,
        0.9927650094032288,
        0.991349995136261,
        0.9931831955909729,
        0.9926077723503113,
        0.9897981882095337,
        0.9885019063949585,
        0.9911329746246338,
        0.9891113638877869,
        0.9885322451591492,
        0.9882436990737915,
        0.9921251535415649,
        0.9925975799560547,
        0.992324709892273,
        0.9930433034896851,
        0.9923652410507202,
        0.9192982316017151
      ],
      [
        0.9909908771514893,
        0.9925532937049866,
        0.9931577444076538,
        0.987785279750824,
        0.9893767833709717,
        0.9884341359138489,
        0.9943710565567017,
        0.9924811124801636,
        1.000000238418579,
        0.994238555431366,
        0.994482696056366,
        0.9949191212654114,
        0.9922009706497192,
        0.9904696345329285,
        0.9939307570457458,
        0.9920844435691833,
        0.9922877550125122,
        0.9944243431091309,
        0.9903585910797119,
        0.9906325936317444,
        0.9916980862617493,
        0.9896837472915649,
        0.9886167049407959,
        0.9886239767074585,
        0.9916709661483765,
        0.9905141592025757,
        0.9932929873466492,
        0.9893386960029602,
        0.99125736951828,
        0.9171938896179199
      ],
      [
        0.9900412559509277,
        0.9889211654663086,
        0.9926799535751343,
        0.9880819320678711,
        0.9896138310432434,
        0.988961398601532,
        0.9951776266098022,
        0.9927582144737244,
        0.994238555431366,
        1.0000001192092896,
        0.9946962594985962,
        0.9943332076072693,
        0.9923416376113892,
        0.990695595741272,
        0.9939581751823425,
        0.9928733706474304,
        0.9928092360496521,
        0.9939475655555725,
        0.9901974201202393,
        0.9901403784751892,
        0.9911829829216003,
        0.9897490739822388,
        0.9895773530006409,
        0.9888417720794678,
        0.9915392994880676,
        0.9900652170181274,
        0.992690920829773,
        0.989549994468689,
        0.9910768866539001,
        0.9187057614326477
      ],
      [
        0.9887747168540955,
        0.9878997802734375,
        0.9924926161766052,
        0.9883223176002502,
        0.9873542189598083,
        0.9863921403884888,
        0.9953098297119141,
        0.9927180409431458,
        0.994482696056366,
        0.9946962594985962,
        0.9999999403953552,
        0.9929701685905457,
        0.9920749664306641,
        0.9894999265670776,
        0.9932304620742798,
        0.9942248463630676,
        0.9917991757392883,
        0.9932782649993896,
        0.990646481513977,
        0.9914664626121521,
        0.9913191199302673,
        0.9897333979606628,
        0.9896788597106934,
        0.9896358847618103,
        0.9911271929740906,
        0.9884287118911743,
        0.9917106628417969,
        0.9895591735839844,
        0.9902293682098389,
        0.9162867665290833
      ],
      [
        0.9899235367774963,
        0.9913970232009888,
        0.9917813539505005,
        0.9874277710914612,
        0.9895862340927124,
        0.9885143637657166,
        0.9930247068405151,
        0.9923725724220276,
        0.9949191212654114,
        0.9943332076072693,
        0.9929701685905457,
        1.0,
        0.9913690090179443,
        0.9896073937416077,
        0.9929119944572449,
        0.9906416535377502,
        0.9919499754905701,
        0.9932935833930969,
        0.9900273680686951,
        0.9893804788589478,
        0.9906421303749084,
        0.9904161691665649,
        0.9878140091896057,
        0.9879568219184875,
        0.9914219379425049,
        0.9902247786521912,
        0.992302417755127,
        0.9895280003547668,
        0.9902075529098511,
        0.9188041687011719
      ],
      [
        0.9908609390258789,
        0.9860332012176514,
        0.9945846796035767,
        0.9897996187210083,
        0.9906564950942993,
        0.9899364709854126,
        0.9934271574020386,
        0.9906505942344666,
        0.9922009706497192,
        0.9923416376113892,
        0.9920749664306641,
        0.9913690090179443,
        1.0,
        0.9929360151290894,
        0.9936418533325195,
        0.991687536239624,
        0.9932053685188293,
        0.9947643280029297,
        0.9907214045524597,
        0.9919670820236206,
        0.9921159148216248,
        0.9920884966850281,
        0.9871960282325745,
        0.9900372624397278,
        0.9909489750862122,
        0.9899687170982361,
        0.9930828809738159,
        0.9892663359642029,
        0.9905164241790771,
        0.9133692383766174
      ],
      [
        0.988130509853363,
        0.9847866296768188,
        0.9933661222457886,
        0.9866587519645691,
        0.9890521764755249,
        0.9882364273071289,
        0.9914746284484863,
        0.9915941953659058,
        0.9904696345329285,
        0.990695595741272,
        0.9894999265670776,
        0.9896073937416077,
        0.9929360151290894,
        1.0,
        0.9921149611473083,
        0.9909327030181885,
        0.9939879775047302,
        0.9928290843963623,
        0.9885370135307312,
        0.9875973463058472,
        0.9895761609077454,
        0.9888100624084473,
        0.9877529740333557,
        0.9871561527252197,
        0.9922217726707458,
        0.9916528463363647,
        0.9920570254325867,
        0.9924818277359009,
        0.992516279220581,
        0.913714587688446
      ],
      [
        0.9906988739967346,
        0.987821102142334,
        0.9947217106819153,
        0.9891154170036316,
        0.989189863204956,
        0.9888476729393005,
        0.9948614835739136,
        0.9927650094032288,
        0.9939307570457458,
        0.9939581751823425,
        0.9932304620742798,
        0.9929119944572449,
        0.9936418533325195,
        0.9921149611473083,
        0.9999997019767761,
        0.9922793507575989,
        0.993755578994751,
        0.9938932061195374,
        0.9901431798934937,
        0.9903726577758789,
        0.9914925694465637,
        0.9906839728355408,
        0.9885554909706116,
        0.9896144270896912,
        0.991490364074707,
        0.9901798963546753,
        0.9937170743942261,
        0.9907112121582031,
        0.9919694662094116,
        0.9169932007789612
      ],
      [
        0.9871376156806946,
        0.98606938123703,
        0.9925550818443298,
        0.9895285964012146,
        0.9885124564170837,
        0.9867209792137146,
        0.9941447973251343,
        0.991349995136261,
        0.9920844435691833,
        0.9928733706474304,
        0.9942248463630676,
        0.9906416535377502,
        0.991687536239624,
        0.9909327030181885,
        0.9922793507575989,
        0.9999998211860657,
        0.9926427006721497,
        0.9928162693977356,
        0.9907305240631104,
        0.9915916323661804,
        0.9919590353965759,
        0.9907153248786926,
        0.9905141592025757,
        0.9910257458686829,
        0.9913259744644165,
        0.9886267781257629,
        0.9923752546310425,
        0.9909640550613403,
        0.9916216135025024,
        0.9152127504348755
      ],
      [
        0.9896621108055115,
        0.9873006343841553,
        0.9935255646705627,
        0.9900319576263428,
        0.9903975129127502,
        0.9890974164009094,
        0.992743730545044,
        0.9931831955909729,
        0.9922877550125122,
        0.9928092360496521,
        0.9917991757392883,
        0.9919499754905701,
        0.9932053685188293,
        0.9939879775047302,
        0.993755578994751,
        0.9926427006721497,
        1.0000001192092896,
        0.9946329593658447,
        0.9904898405075073,
        0.990450918674469,
        0.992274820804596,
        0.990602433681488,
        0.98900306224823,
        0.9888395071029663,
        0.9938411712646484,
        0.9922325015068054,
        0.9934770464897156,
        0.9936978816986084,
        0.9934521913528442,
        0.9163496494293213
      ],
      [
        0.9916566610336304,
        0.9877469539642334,
        0.9945220351219177,
        0.989362895488739,
        0.990440309047699,
        0.9903755187988281,
        0.9941290616989136,
        0.9926077723503113,
        0.9944243431091309,
        0.9939475655555725,
        0.9932782649993896,
        0.9932935833930969,
        0.9947643280029297,
        0.9928290843963623,
        0.9938932061195374,
        0.9928162693977356,
        0.9946329593658447,
        1.0,
        0.9920721054077148,
        0.9924541115760803,
        0.9941021800041199,
        0.9907360076904297,
        0.989001989364624,
        0.990114152431488,
        0.9943351149559021,
        0.9929229021072388,
        0.9943113923072815,
        0.9910484552383423,
        0.9927824139595032,
        0.9171136021614075
      ],
      [
        0.9882294535636902,
        0.9845495820045471,
        0.9925646781921387,
        0.9885060787200928,
        0.9890749454498291,
        0.9905161261558533,
        0.9908015727996826,
        0.9897981882095337,
        0.9903585910797119,
        0.9901974201202393,
        0.990646481513977,
        0.9900273680686951,
        0.9907214045524597,
        0.9885370135307312,
        0.9901431798934937,
        0.9907305240631104,
        0.9904898405075073,
        0.9920721054077148,
        0.9999997019767761,
        0.9941754341125488,
        0.994346559047699,
        0.9947526454925537,
        0.9889881610870361,
        0.9953314065933228,
        0.9916366934776306,
        0.988935112953186,
        0.9932273626327515,
        0.9886040091514587,
        0.9898078441619873,
        0.9153566360473633
      ],
      [
        0.9868205785751343,
        0.9839224815368652,
        0.991260290145874,
        0.9886211156845093,
        0.9879175424575806,
        0.9885210990905762,
        0.9908796548843384,
        0.9885019063949585,
        0.9906325936317444,
        0.9901403784751892,
        0.9914664626121521,
        0.9893804788589478,
        0.9919670820236206,
        0.9875973463058472,
        0.9903726577758789,
        0.9915916323661804,
        0.990450918674469,
        0.9924541115760803,
        0.9941754341125488,
        1.0,
        0.9947705864906311,
        0.9918861985206604,
        0.9884110689163208,
        0.994005024433136,
        0.9900785684585571,
        0.9869247078895569,
        0.992582380771637,
        0.9863998293876648,
        0.9882520437240601,
        0.911867082118988
      ],
      [
        0.9899200797080994,
        0.9852167963981628,
        0.993596613407135,
        0.9889978766441345,
        0.9902086853981018,
        0.9915955662727356,
        0.9919756054878235,
        0.9911329746246338,
        0.9916980862617493,
        0.9911829829216003,
        0.9913191199302673,
        0.9906421303749084,
        0.9921159148216248,
        0.9895761609077454,
        0.9914925694465637,
        0.9919590353965759,
        0.992274820804596,
        0.9941021800041199,
        0.994346559047699,
        0.9947705864906311,
        0.9999998211860657,
        0.9923434853553772,
        0.9895835518836975,
        0.993360161781311,
        0.992292582988739,
        0.9901245832443237,
        0.9951944351196289,
        0.9894277453422546,
        0.9905970096588135,
        0.9181527495384216
      ],
      [
        0.9880839586257935,
        0.9861863255500793,
        0.9921165108680725,
        0.9915503263473511,
        0.9913803339004517,
        0.9891242384910583,
        0.990619421005249,
        0.9891113638877869,
        0.9896837472915649,
        0.9897490739822388,
        0.9897333979606628,
        0.9904161691665649,
        0.9920884966850281,
        0.9888100624084473,
        0.9906839728355408,
        0.9907153248786926,
        0.990602433681488,
        0.9907360076904297,
        0.9947526454925537,
        0.9918861985206604,
        0.9923434853553772,
        0.9999999403953552,
        0.9896653294563293,
        0.9941562414169312,
        0.9894402623176575,
        0.9879239201545715,
        0.9922543168067932,
        0.9885956645011902,
        0.9885013699531555,
        0.9194322228431702
      ],
      [
        0.9851970076560974,
        0.9841449856758118,
        0.988237738609314,
        0.986331045627594,
        0.9860185384750366,
        0.9847256541252136,
        0.9894142746925354,
        0.9885322451591492,
        0.9886167049407959,
        0.9895773530006409,
        0.9896788597106934,
        0.9878140091896057,
        0.9871960282325745,
        0.9877529740333557,
        0.9885554909706116,
        0.9905141592025757,
        0.98900306224823,
        0.989001989364624,
        0.9889881610870361,
        0.9884110689163208,
        0.9895835518836975,
        0.9896653294563293,
        1.0000001192092896,
        0.989277184009552,
        0.9897196888923645,
        0.9869823455810547,
        0.9900822639465332,
        0.9883290529251099,
        0.9878697991371155,
        0.916671097278595
      ],
      [
        0.9857892990112305,
        0.9831979274749756,
        0.9903298020362854,
        0.9894102811813354,
        0.9877178072929382,
        0.9883521199226379,
        0.9902118444442749,
        0.9882436990737915,
        0.9886239767074585,
        0.9888417720794678,
        0.9896358847618103,
        0.9879568219184875,
        0.9900372624397278,
        0.9871561527252197,
        0.9896144270896912,
        0.9910257458686829,
        0.9888395071029663,
        0.990114152431488,
        0.9953314065933228,
        0.994005024433136,
        0.993360161781311,
        0.9941562414169312,
        0.989277184009552,
        0.9999998211860657,
        0.989477813243866,
        0.9864200353622437,
        0.9925222992897034,
        0.9870033860206604,
        0.9887065291404724,
        0.9166904091835022
      ],
      [
        0.9878808856010437,
        0.985284149646759,
        0.9923099875450134,
        0.9867113828659058,
        0.9888671636581421,
        0.9881385564804077,
        0.9916298389434814,
        0.9921251535415649,
        0.9916709661483765,
        0.9915392994880676,
        0.9911271929740906,
        0.9914219379425049,
        0.9909489750862122,
        0.9922217726707458,
        0.991490364074707,
        0.9913259744644165,
        0.9938411712646484,
        0.9943351149559021,
        0.9916366934776306,
        0.9900785684585571,
        0.992292582988739,
        0.9894402623176575,
        0.9897196888923645,
        0.989477813243866,
        0.9999997615814209,
        0.9922482371330261,
        0.9940519332885742,
        0.9927018284797668,
        0.9946739077568054,
        0.9143938422203064
      ],
      [
        0.9912616014480591,
        0.9850183129310608,
        0.9921494722366333,
        0.9857321977615356,
        0.9880233407020569,
        0.9896700382232666,
        0.9908730983734131,
        0.9925975799560547,
        0.9905141592025757,
        0.9900652170181274,
        0.9884287118911743,
        0.9902247786521912,
        0.9899687170982361,
        0.9916528463363647,
        0.9901798963546753,
        0.9886267781257629,
        0.9922325015068054,
        0.9929229021072388,
        0.988935112953186,
        0.9869247078895569,
        0.9901245832443237,
        0.9879239201545715,
        0.9869823455810547,
        0.9864200353622437,
        0.9922482371330261,
        1.0000001192092896,
        0.9924169182777405,
        0.99236661195755,
        0.992402195930481,
        0.9238147735595703
      ],
      [
        0.9908086657524109,
        0.9862903356552124,
        0.9949438571929932,
        0.9883459806442261,
        0.9909054040908813,
        0.9924678206443787,
        0.9932727217674255,
        0.992324709892273,
        0.9932929873466492,
        0.992690920829773,
        0.9917106628417969,
        0.992302417755127,
        0.9930828809738159,
        0.9920570254325867,
        0.9937170743942261,
        0.9923752546310425,
        0.9934770464897156,
        0.9943113923072815,
        0.9932273626327515,
        0.992582380771637,
        0.9951944351196289,
        0.9922543168067932,
        0.9900822639465332,
        0.9925222992897034,
        0.9940519332885742,
        0.9924169182777405,
        0.9999999403953552,
        0.9918457865715027,
        0.9931909441947937,
        0.9186460971832275
      ],
      [
        0.9869912266731262,
        0.9841782450675964,
        0.9915130138397217,
        0.9869855046272278,
        0.9867754578590393,
        0.9861864447593689,
        0.9903056621551514,
        0.9930433034896851,
        0.9893386960029602,
        0.989549994468689,
        0.9895591735839844,
        0.9895280003547668,
        0.9892663359642029,
        0.9924818277359009,
        0.9907112121582031,
        0.9909640550613403,
        0.9936978816986084,
        0.9910484552383423,
        0.9886040091514587,
        0.9863998293876648,
        0.9894277453422546,
        0.9885956645011902,
        0.9883290529251099,
        0.9870033860206604,
        0.9927018284797668,
        0.99236661195755,
        0.9918457865715027,
        1.0,
        0.9937418699264526,
        0.9152756333351135
      ],
      [
        0.9875748157501221,
        0.985075831413269,
        0.9931833148002625,
        0.9872129559516907,
        0.9878703951835632,
        0.9872280359268188,
        0.99303138256073,
        0.9923652410507202,
        0.99125736951828,
        0.9910768866539001,
        0.9902293682098389,
        0.9902075529098511,
        0.9905164241790771,
        0.992516279220581,
        0.9919694662094116,
        0.9916216135025024,
        0.9934521913528442,
        0.9927824139595032,
        0.9898078441619873,
        0.9882520437240601,
        0.9905970096588135,
        0.9885013699531555,
        0.9878697991371155,
        0.9887065291404724,
        0.9946739077568054,
        0.992402195930481,
        0.9931909441947937,
        0.9937418699264526,
        0.9999998807907104,
        0.9153662323951721
      ],
      [
        0.9327919483184814,
        0.9186074733734131,
        0.9183830618858337,
        0.9146909713745117,
        0.9173935055732727,
        0.9204012155532837,
        0.9205130934715271,
        0.9192982316017151,
        0.9171938896179199,
        0.9187057614326477,
        0.9162867665290833,
        0.9188041687011719,
        0.9133692383766174,
        0.913714587688446,
        0.9169932007789612,
        0.9152127504348755,
        0.9163496494293213,
        0.9171136021614075,
        0.9153566360473633,
        0.911867082118988,
        0.9181527495384216,
        0.9194322228431702,
        0.916671097278595,
        0.9166904091835022,
        0.9143938422203064,
        0.9238147735595703,
        0.9186460971832275,
        0.9152756333351135,
        0.9153662323951721,
        0.9999997615814209
      ]
    ]
  },
  "Llama": {
    "model": "Llama",
    "extraction": "single-neutral",
    "common_layer": 19,
    "facet_names": [
      "A:Trust",
      "A:Moral",
      "A:Altru",
      "A:Cooper",
      "A:Modest",
      "A:Sympath",
      "C:Self-Eff",
      "C:Order",
      "C:Dutiful",
      "C:Achieve",
      "C:Discipl",
      "C:Caution",
      "E:Friend",
      "E:Gregar",
      "E:Assert",
      "E:Activity",
      "E:Excite",
      "E:Cheerf",
      "N:Anxiety",
      "N:Anger",
      "N:Depression",
      "N:Self-Cons",
      "N:Immoder",
      "N:Vulner",
      "O:Imagin",
      "O:Artist",
      "O:Emotion",
      "O:Advent",
      "O:Intell",
      "O:Liberal"
    ],
    "within_mean": 0.9589613080024719,
    "across_mean": 0.9537292718887329,
    "ratio": 1.0054858922958374,
    "nn_within_trait": 19,
    "n_facets": 30,
    "purity_5": 0.3333333333333333,
    "cosine_matrix": [
      [
        0.9999998807907104,
        0.9626633524894714,
        0.9807257652282715,
        0.9618849158287048,
        0.9616659879684448,
        0.9582480788230896,
        0.9747622013092041,
        0.9662737846374512,
        0.9744715094566345,
        0.9698498845100403,
        0.9680984020233154,
        0.9653518795967102,
        0.9722219705581665,
        0.9610846042633057,
        0.9748364090919495,
        0.9644821286201477,
        0.9710794687271118,
        0.9739466309547424,
        0.968680739402771,
        0.9629026055335999,
        0.9715680480003357,
        0.9661865830421448,
        0.9619773626327515,
        0.9616726040840149,
        0.9622185826301575,
        0.9654223322868347,
        0.9718697667121887,
        0.9606950283050537,
        0.9650901556015015,
        0.7952500581741333
      ],
      [
        0.9626633524894714,
        1.0,
        0.9656529426574707,
        0.9622238874435425,
        0.9582101106643677,
        0.9407481551170349,
        0.9689410924911499,
        0.9621042013168335,
        0.9790468811988831,
        0.9675456881523132,
        0.9671533107757568,
        0.9716775417327881,
        0.962532639503479,
        0.9515162110328674,
        0.9673081636428833,
        0.9619511961936951,
        0.9669069051742554,
        0.9658616781234741,
        0.9599002003669739,
        0.9579851627349854,
        0.9622100591659546,
        0.9605817198753357,
        0.9584645628929138,
        0.9531065225601196,
        0.9560767412185669,
        0.9466320276260376,
        0.958328902721405,
        0.9544973969459534,
        0.9575042724609375,
        0.756024181842804
      ],
      [
        0.9807257652282715,
        0.9656529426574707,
        0.9999998807907104,
        0.9722222089767456,
        0.9694864749908447,
        0.9628713130950928,
        0.9824737310409546,
        0.9738204479217529,
        0.9806230664253235,
        0.9772525429725647,
        0.9798083305358887,
        0.9724313020706177,
        0.9826492071151733,
        0.9743665456771851,
        0.9847511053085327,
        0.977267324924469,
        0.9810205698013306,
        0.9838274717330933,
        0.9794015884399414,
        0.974112868309021,
        0.9809234738349915,
        0.9754692912101746,
        0.9700181484222412,
        0.9714585542678833,
        0.9748189449310303,
        0.9667268991470337,
        0.9819311499595642,
        0.9743151068687439,
        0.9784612059593201,
        0.7557880282402039
      ],
      [
        0.9618849158287048,
        0.9622238874435425,
        0.9722222089767456,
        1.0,
        0.9703965187072754,
        0.9473333358764648,
        0.9709427356719971,
        0.9614747762680054,
        0.9683020114898682,
        0.9643093347549438,
        0.9672635793685913,
        0.9618571996688843,
        0.9703661799430847,
        0.9570428729057312,
        0.9698251485824585,
        0.968618631362915,
        0.9719811677932739,
        0.9704256057739258,
        0.9690134525299072,
        0.9702821969985962,
        0.9696021676063538,
        0.974540114402771,
        0.9615453481674194,
        0.9687836170196533,
        0.958766520023346,
        0.9468405842781067,
        0.9630119204521179,
        0.9594817161560059,
        0.9645910263061523,
        0.7491077184677124
      ],
      [
        0.9616659879684448,
        0.9582101106643677,
        0.9694864749908447,
        0.9703965187072754,
        1.0000001192092896,
        0.9509798288345337,
        0.9656064510345459,
        0.9610564708709717,
        0.9670717120170593,
        0.9641408920288086,
        0.9625179171562195,
        0.9611291885375977,
        0.9696237444877625,
        0.9618774652481079,
        0.9677670001983643,
        0.963458776473999,
        0.9708617925643921,
        0.9691542983055115,
        0.9658032059669495,
        0.9641532897949219,
        0.9719205498695374,
        0.9707322120666504,
        0.961895227432251,
        0.9619972109794617,
        0.962675929069519,
        0.9531033635139465,
        0.9686634540557861,
        0.9612776637077332,
        0.9630472660064697,
        0.7542567253112793
      ],
      [
        0.9582480788230896,
        0.9407481551170349,
        0.9628713130950928,
        0.9473333358764648,
        0.9509798288345337,
        0.9999998807907104,
        0.9484691619873047,
        0.941939115524292,
        0.9485090374946594,
        0.9488490223884583,
        0.9437963962554932,
        0.9447910785675049,
        0.9547070860862732,
        0.9436829090118408,
        0.9511893391609192,
        0.943585991859436,
        0.9528290033340454,
        0.9530752301216125,
        0.9588576555252075,
        0.9511830806732178,
        0.9604654312133789,
        0.9536731839179993,
        0.9443084001541138,
        0.9536177515983582,
        0.9470968842506409,
        0.9477408528327942,
        0.9630442261695862,
        0.9424183964729309,
        0.9455553889274597,
        0.7575316429138184
      ],
      [
        0.9747622013092041,
        0.9689410924911499,
        0.9824737310409546,
        0.9709427356719971,
        0.9656064510345459,
        0.9484691619873047,
        1.0,
        0.9753871560096741,
        0.9826364517211914,
        0.98505699634552,
        0.9882993102073669,
        0.9756320714950562,
        0.9797539114952087,
        0.9682180881500244,
        0.9840533137321472,
        0.9827718138694763,
        0.9784172177314758,
        0.9809776544570923,
        0.9742304682731628,
        0.9719951152801514,
        0.9757193326950073,
        0.9716702699661255,
        0.9724242687225342,
        0.971307098865509,
        0.9710463285446167,
        0.9592614769935608,
        0.9760028719902039,
        0.96978360414505,
        0.9778767228126526,
        0.757529079914093
      ],
      [
        0.9662737846374512,
        0.9621042013168335,
        0.9738204479217529,
        0.9614747762680054,
        0.9610564708709717,
        0.941939115524292,
        0.9753871560096741,
        1.000000238418579,
        0.973831295967102,
        0.9735604524612427,
        0.9742931127548218,
        0.9677380919456482,
        0.970179557800293,
        0.9644002914428711,
        0.9725978374481201,
        0.9712839722633362,
        0.975363552570343,
        0.9737064242362976,
        0.9650998711585999,
        0.9623857736587524,
        0.9691357612609863,
        0.9616970419883728,
        0.9658483862876892,
        0.9614660143852234,
        0.9690139889717102,
        0.9648602604866028,
        0.9691988229751587,
        0.9752998948097229,
        0.9725478291511536,
        0.7579797506332397
      ],
      [
        0.9744715094566345,
        0.9790468811988831,
        0.9806230664253235,
        0.9683020114898682,
        0.9670717120170593,
        0.9485090374946594,
        0.9826364517211914,
        0.973831295967102,
        0.9999998807907104,
        0.9798309803009033,
        0.9836963415145874,
        0.9795483946800232,
        0.9776542782783508,
        0.9677302837371826,
        0.9822329878807068,
        0.977066159248352,
        0.9780192375183105,
        0.9813271760940552,
        0.9726930260658264,
        0.9736238121986389,
        0.9760000705718994,
        0.9681766033172607,
        0.9709657430648804,
        0.9671081304550171,
        0.9716453552246094,
        0.9580787420272827,
        0.9772456884384155,
        0.9671251773834229,
        0.9720913171768188,
        0.7462789416313171
      ],
      [
        0.9698498845100403,
        0.9675456881523132,
        0.9772525429725647,
        0.9643093347549438,
        0.9641408920288086,
        0.9488490223884583,
        0.98505699634552,
        0.9735604524612427,
        0.9798309803009033,
        1.000000238418579,
        0.9850558042526245,
        0.975006103515625,
        0.9754416346549988,
        0.9651641845703125,
        0.9811868667602539,
        0.9779702425003052,
        0.9771398305892944,
        0.9778839945793152,
        0.9698898792266846,
        0.9680994153022766,
        0.9728825092315674,
        0.9662581086158752,
        0.9705935716629028,
        0.9656513333320618,
        0.9689987897872925,
        0.9555027484893799,
        0.9735081195831299,
        0.9661540985107422,
        0.9697690010070801,
        0.7509450316429138
      ],
      [
        0.9680984020233154,
        0.9671533107757568,
        0.9798083305358887,
        0.9672635793685913,
        0.9625179171562195,
        0.9437963962554932,
        0.9882993102073669,
        0.9742931127548218,
        0.9836963415145874,
        0.9850558042526245,
        1.0,
        0.9739210605621338,
        0.9790307879447937,
        0.9673717021942139,
        0.9834840893745422,
        0.9836968183517456,
        0.9785927534103394,
        0.9803356528282166,
        0.9741612672805786,
        0.9754724502563477,
        0.9762074947357178,
        0.969563364982605,
        0.9710089564323425,
        0.9707379341125488,
        0.9703906178474426,
        0.9530718922615051,
        0.9745537638664246,
        0.9699604511260986,
        0.9714296460151672,
        0.7405803799629211
      ],
      [
        0.9653518795967102,
        0.9716775417327881,
        0.9724313020706177,
        0.9618571996688843,
        0.9611291885375977,
        0.9447910785675049,
        0.9756320714950562,
        0.9677380919456482,
        0.9795483946800232,
        0.975006103515625,
        0.9739210605621338,
        0.9999998807907104,
        0.9707279205322266,
        0.9587364196777344,
        0.9746941924095154,
        0.9668124914169312,
        0.9720696806907654,
        0.9736574292182922,
        0.9669347405433655,
        0.9657583832740784,
        0.9688616991043091,
        0.9675715565681458,
        0.9628757238388062,
        0.9605111479759216,
        0.9651126861572266,
        0.9530917406082153,
        0.9704723954200745,
        0.9633360505104065,
        0.9656282663345337,
        0.7463844418525696
      ],
      [
        0.9722219705581665,
        0.962532639503479,
        0.9826492071151733,
        0.9703661799430847,
        0.9696237444877625,
        0.9547070860862732,
        0.9797539114952087,
        0.970179557800293,
        0.9776542782783508,
        0.9754416346549988,
        0.9790307879447937,
        0.9707279205322266,
        1.0,
        0.9748353958129883,
        0.9827375411987305,
        0.9750524759292603,
        0.9820600748062134,
        0.9830552935600281,
        0.9741725325584412,
        0.9780679941177368,
        0.9784311652183533,
        0.9751557111740112,
        0.966454267501831,
        0.971440315246582,
        0.97170090675354,
        0.9602116942405701,
        0.9789382815361023,
        0.9700915813446045,
        0.972842812538147,
        0.729084849357605
      ],
      [
        0.9610846042633057,
        0.9515162110328674,
        0.9743665456771851,
        0.9570428729057312,
        0.9618774652481079,
        0.9436829090118408,
        0.9682180881500244,
        0.9644002914428711,
        0.9677302837371826,
        0.9651641845703125,
        0.9673717021942139,
        0.9587364196777344,
        0.9748353958129883,
        1.0000001192092896,
        0.9737980961799622,
        0.9699180722236633,
        0.9780623316764832,
        0.9735296964645386,
        0.9647994041442871,
        0.9618037939071655,
        0.9660706520080566,
        0.9614909291267395,
        0.9650568962097168,
        0.9594415426254272,
        0.9709345698356628,
        0.9597950577735901,
        0.9713131189346313,
        0.9752390384674072,
        0.9735463857650757,
        0.7289173603057861
      ],
      [
        0.9748364090919495,
        0.9673081636428833,
        0.9847511053085327,
        0.9698251485824585,
        0.9677670001983643,
        0.9511893391609192,
        0.9840533137321472,
        0.9725978374481201,
        0.9822329878807068,
        0.9811868667602539,
        0.9834840893745422,
        0.9746941924095154,
        0.9827375411987305,
        0.9737980961799622,
        1.0,
        0.9781016707420349,
        0.9833182096481323,
        0.9812882542610168,
        0.9740427732467651,
        0.9732882976531982,
        0.9766042828559875,
        0.9729660749435425,
        0.969772219657898,
        0.9707368016242981,
        0.972610354423523,
        0.959051787853241,
        0.9798153042793274,
        0.9719864726066589,
        0.97538161277771,
        0.7443349957466125
      ],
      [
        0.9644821286201477,
        0.9619511961936951,
