{
  "ipip": {
    "models": [
      "Gemma",
      "Gemma12",
      "Llama",
      "Llama8",
      "Phi4",
      "Qwen",
      "Qwen7",
      "Gemma27",
      "Qwen32",
      "Gemma4"
    ],
    "matrix": [
      [
        1.0,
        0.9787474901167815,
        0.9508496045439199,
        0.9503591705745407,
        0.9208206226283814,
        0.9366309602400661,
        0.9383622690439231,
        0.8704639231189533,
        0.935769646355973,
        0.9038506378850952
      ],
      [
        0.9787474901167815,
        1.0,
        0.943308221981428,
        0.9480318545552462,
        0.9073632007066403,
        0.9398409986254933,
        0.9563558349706613,
        0.8822271599412992,
        0.9496573780698807,
        0.9140287503161109
      ],
      [
        0.9508496045439199,
        0.943308221981428,
        1.0,
        0.9806496924100686,
        0.9349230310232531,
        0.9528743347368713,
        0.9345224434973226,
        0.8763965354756481,
        0.9274995424323971,
        0.8818053044890998
      ],
      [
        0.9503591705745407,
        0.9480318545552462,
        0.9806496924100686,
        1.0,
        0.943067903296258,
        0.9521284892685172,
        0.9289481437490085,
        0.8713551277663856,
        0.9287965844659134,
        0.8808273651568496
      ],
      [
        0.9208206226283814,
        0.9073632007066403,
        0.9349230310232531,
        0.943067903296258,
        1.0,
        0.9143701986437743,
        0.8766796663987309,
        0.8253134594854575,
        0.8709299731589663,
        0.8177351581177792
      ],
      [
        0.9366309602400661,
        0.9398409986254933,
        0.9528743347368713,
        0.9521284892685172,
        0.9143701986437743,
        1.0,
        0.9607046155509998,
        0.8533538199591953,
        0.9565962643376251,
        0.8867211099437255
      ],
      [
        0.9383622690439231,
        0.9563558349706613,
        0.9345224434973226,
        0.9289481437490085,
        0.8766796663987309,
        0.9607046155509998,
        1.0,
        0.8717826518329783,
        0.9778673433065151,
        0.8987667710831783
      ],
      [
        0.8704639231189533,
        0.8822271599412992,
        0.8763965354756481,
        0.8713551277663856,
        0.8253134594854575,
        0.8533538199591953,
        0.8717826518329783,
        1.0,
        0.8661567359803025,
        0.8388789306756688
      ],
      [
        0.935769646355973,
        0.9496573780698807,
        0.9274995424323971,
        0.9287965844659134,
        0.8709299731589663,
        0.9565962643376251,
        0.9778673433065151,
        0.8661567359803025,
        1.0,
        0.9146971395119082
      ],
      [
        0.9038506378850952,
        0.9140287503161109,
        0.8818053044890998,
        0.8808273651568496,
        0.8177351581177792,
        0.8867211099437255,
        0.8987667710831783,
        0.8388789306756688,
        0.9146971395119082,
        1.0
      ]
    ],
    "mean_pairwise_r": 0.9144670235428621
  },
  "hexaco": {
    "models": [
      "Llama",
      "Gemma",
      "Phi4",
      "Qwen",
      "Llama8",
      "Gemma12",
      "Qwen7"
    ],
    "matrix": [
      [
        1.0,
        0.9462553514881377,
        0.9479747991869393,
        0.9320199360411104,
        0.974154941401335,
        0.9340191477732884,
        0.9304454603302825
      ],
      [
        0.9462553514881377,
        1.0,
        0.9086960657943556,
        0.9043702571646133,
        0.9448141276078288,
        0.9631441758109096,
        0.9331445817192232
      ],
      [
        0.9479747991869393,
        0.9086960657943556,
        1.0,
        0.9419206335679939,
        0.9401754714644771,
        0.8852235563154721,
        0.9115777700907919
      ],
      [
        0.9320199360411104,
        0.9043702571646133,
        0.9419206335679939,
        1.0,
        0.9387720057383958,
        0.885712833431735,
        0.9430049277174948
      ],
      [
        0.974154941401335,
        0.9448141276078288,
        0.9401754714644771,
        0.9387720057383958,
        1.0,
        0.9460294148871264,
        0.9464746298766765
      ],
      [
        0.9340191477732884,
        0.9631441758109096,
        0.8852235563154721,
        0.885712833431735,
        0.9460294148871264,
        1.0,
        0.927524805670489
      ],
      [
        0.9304454603302825,
        0.9331445817192232,
        0.9115777700907919,
        0.9430049277174948,
        0.9464746298766765,
        0.927524805670489,
        1.0
      ]
    ],
    "mean_pairwise_r": 0.9326407091942227
  }
}